time_s,voltage_v
0.000000000000e+00,0.000000000000e+00
1.419905028396e-04,0.000000000000e+00
1.420005028396e-04,1.800000000000e+00
1.420905028396e-04,1.800000000000e+00
1.421005028396e-04,0.000000000000e+00
1.648861506754e-04,0.000000000000e+00
1.648961506754e-04,1.800000000000e+00
1.649861506754e-04,1.800000000000e+00
1.649961506754e-04,0.000000000000e+00
2.347166953344e-04,0.000000000000e+00
2.347266953344e-04,1.800000000000e+00
2.348166953344e-04,1.800000000000e+00
2.348266953344e-04,0.000000000000e+00
3.348645969674e-04,0.000000000000e+00
3.348745969674e-04,1.800000000000e+00
3.349645969674e-04,1.800000000000e+00
3.349745969674e-04,0.000000000000e+00
4.670312342701e-04,0.000000000000e+00
4.670412342701e-04,1.800000000000e+00
4.671312342701e-04,1.800000000000e+00
4.671412342701e-04,0.000000000000e+00
5.023969630744e-04,0.000000000000e+00
5.024069630744e-04,1.800000000000e+00
5.024969630744e-04,1.800000000000e+00
5.025069630744e-04,0.000000000000e+00
5.154201445557e-04,0.000000000000e+00
5.154301445557e-04,1.800000000000e+00
5.155201445557e-04,1.800000000000e+00
5.155301445557e-04,0.000000000000e+00
6.310652576116e-04,0.000000000000e+00
6.310752576116e-04,1.800000000000e+00
6.311652576116e-04,1.800000000000e+00
6.311752576116e-04,0.000000000000e+00
7.093936581852e-04,0.000000000000e+00
7.094036581852e-04,1.800000000000e+00
7.094936581852e-04,1.800000000000e+00
7.095036581852e-04,0.000000000000e+00
7.635601845037e-04,0.000000000000e+00
7.635701845037e-04,1.800000000000e+00
7.636601845037e-04,1.800000000000e+00
7.636701845037e-04,0.000000000000e+00
8.403804192241e-04,0.000000000000e+00
8.403904192241e-04,1.800000000000e+00
8.404804192241e-04,1.800000000000e+00
8.404904192241e-04,0.000000000000e+00
8.471400865935e-04,0.000000000000e+00
8.471500865935e-04,1.800000000000e+00
8.472400865935e-04,1.800000000000e+00
8.472500865935e-04,0.000000000000e+00
8.531041060204e-04,0.000000000000e+00
8.531141060204e-04,1.800000000000e+00
8.532041060204e-04,1.800000000000e+00
8.532141060204e-04,0.000000000000e+00
9.925317234859e-04,0.000000000000e+00
9.925417234859e-04,1.800000000000e+00
9.926317234859e-04,1.800000000000e+00
9.926417234859e-04,0.000000000000e+00
9.978950432333e-04,0.000000000000e+00
9.979050432333e-04,1.800000000000e+00
9.979950432333e-04,1.800000000000e+00
9.980050432333e-04,0.000000000000e+00
1.000518444564e-03,0.000000000000e+00
1.000528444564e-03,1.800000000000e+00
1.000618444564e-03,1.800000000000e+00
1.000628444564e-03,0.000000000000e+00
1.035090329536e-03,0.000000000000e+00
1.035100329536e-03,1.800000000000e+00
1.035190329536e-03,1.800000000000e+00
1.035200329536e-03,0.000000000000e+00
1.123419930941e-03,0.000000000000e+00
1.123429930941e-03,1.800000000000e+00
1.123519930941e-03,1.800000000000e+00
1.123529930941e-03,0.000000000000e+00
1.174609294552e-03,0.000000000000e+00
1.174619294552e-03,1.800000000000e+00
1.174709294552e-03,1.800000000000e+00
1.174719294552e-03,0.000000000000e+00
1.214770521113e-03,0.000000000000e+00
1.214780521113e-03,1.800000000000e+00
1.214870521113e-03,1.800000000000e+00
1.214880521113e-03,0.000000000000e+00
1.248476438416e-03,0.000000000000e+00
1.248486438416e-03,1.800000000000e+00
1.248576438416e-03,1.800000000000e+00
1.248586438416e-03,0.000000000000e+00
1.256016551357e-03,0.000000000000e+00
1.256026551357e-03,1.800000000000e+00
1.256116551357e-03,1.800000000000e+00
1.256126551357e-03,0.000000000000e+00
1.443809940408e-03,0.000000000000e+00
1.443819940408e-03,1.800000000000e+00
1.443909940408e-03,1.800000000000e+00
1.443919940408e-03,0.000000000000e+00
1.528075631277e-03,0.000000000000e+00
1.528085631277e-03,1.800000000000e+00
1.528175631277e-03,1.800000000000e+00
1.528185631277e-03,0.000000000000e+00
1.579348899773e-03,0.000000000000e+00
1.579358899773e-03,1.800000000000e+00
1.579448899773e-03,1.800000000000e+00
1.579458899773e-03,0.000000000000e+00
1.584720708158e-03,0.000000000000e+00
1.584730708158e-03,1.800000000000e+00
1.584820708158e-03,1.800000000000e+00
1.584830708158e-03,0.000000000000e+00
1.643350532151e-03,0.000000000000e+00
1.643360532151e-03,1.800000000000e+00
1.643450532151e-03,1.800000000000e+00
1.643460532151e-03,0.000000000000e+00
1.673359011335e-03,0.000000000000e+00
1.673369011335e-03,1.800000000000e+00
1.673459011335e-03,1.800000000000e+00
1.673469011335e-03,0.000000000000e+00
1.733300164516e-03,0.000000000000e+00
1.733310164516e-03,1.800000000000e+00
1.733400164516e-03,1.800000000000e+00
1.733410164516e-03,0.000000000000e+00
1.797116339246e-03,0.000000000000e+00
1.797126339246e-03,1.800000000000e+00
1.797216339246e-03,1.800000000000e+00
1.797226339246e-03,0.000000000000e+00
1.843842634883e-03,0.000000000000e+00
1.843852634883e-03,1.800000000000e+00
1.843942634883e-03,1.800000000000e+00
1.843952634883e-03,0.000000000000e+00
1.978811136190e-03,0.000000000000e+00
1.978821136190e-03,1.800000000000e+00
1.978911136190e-03,1.800000000000e+00
1.978921136190e-03,0.000000000000e+00
2.025282522029e-03,0.000000000000e+00
2.025292522029e-03,1.800000000000e+00
2.025382522029e-03,1.800000000000e+00
2.025392522029e-03,0.000000000000e+00
2.103836159262e-03,0.000000000000e+00
2.103846159262e-03,1.800000000000e+00
2.103936159262e-03,1.800000000000e+00
2.103946159262e-03,0.000000000000e+00
2.140905514932e-03,0.000000000000e+00
2.140915514932e-03,1.800000000000e+00
2.141005514932e-03,1.800000000000e+00
2.141015514932e-03,0.000000000000e+00
2.347662417156e-03,0.000000000000e+00
2.347672417156e-03,1.800000000000e+00
2.347762417156e-03,1.800000000000e+00
2.347772417156e-03,0.000000000000e+00
2.393373785950e-03,0.000000000000e+00
2.393383785950e-03,1.800000000000e+00
2.393473785950e-03,1.800000000000e+00
2.393483785950e-03,0.000000000000e+00
2.619205015469e-03,0.000000000000e+00
2.619215015469e-03,1.800000000000e+00
2.619305015469e-03,1.800000000000e+00
2.619315015469e-03,0.000000000000e+00
2.886531399946e-03,0.000000000000e+00
2.886541399946e-03,1.800000000000e+00
2.886631399946e-03,1.800000000000e+00
2.886641399946e-03,0.000000000000e+00
3.226920258377e-03,0.000000000000e+00
3.226930258377e-03,1.800000000000e+00
3.227020258377e-03,1.800000000000e+00
3.227030258377e-03,0.000000000000e+00
3.314616325548e-03,0.000000000000e+00
3.314626325548e-03,1.800000000000e+00
3.314716325548e-03,1.800000000000e+00
3.314726325548e-03,0.000000000000e+00
3.343526915042e-03,0.000000000000e+00
3.343536915042e-03,1.800000000000e+00
3.343626915042e-03,1.800000000000e+00
3.343636915042e-03,0.000000000000e+00
3.408246251769e-03,0.000000000000e+00
3.408256251769e-03,1.800000000000e+00
3.408346251769e-03,1.800000000000e+00
3.408356251769e-03,0.000000000000e+00
3.570017116548e-03,0.000000000000e+00
3.570027116548e-03,1.800000000000e+00
3.570117116548e-03,1.800000000000e+00
3.570127116548e-03,0.000000000000e+00
3.698161129058e-03,0.000000000000e+00
3.698171129058e-03,1.800000000000e+00
3.698261129058e-03,1.800000000000e+00
3.698271129058e-03,0.000000000000e+00
3.709878076141e-03,0.000000000000e+00
3.709888076141e-03,1.800000000000e+00
3.709978076141e-03,1.800000000000e+00
3.709988076141e-03,0.000000000000e+00
3.756187722385e-03,0.000000000000e+00
3.756197722385e-03,1.800000000000e+00
3.756287722385e-03,1.800000000000e+00
3.756297722385e-03,0.000000000000e+00
3.778290974417e-03,0.000000000000e+00
3.778300974417e-03,1.800000000000e+00
3.778390974417e-03,1.800000000000e+00
3.778400974417e-03,0.000000000000e+00
3.784450712109e-03,0.000000000000e+00
3.784460712109e-03,1.800000000000e+00
3.784550712109e-03,1.800000000000e+00
3.784560712109e-03,0.000000000000e+00
3.860534658656e-03,0.000000000000e+00
3.860544658656e-03,1.800000000000e+00
3.860634658656e-03,1.800000000000e+00
3.860644658656e-03,0.000000000000e+00
3.916120893097e-03,0.000000000000e+00
3.916130893097e-03,1.800000000000e+00
3.916220893097e-03,1.800000000000e+00
3.916230893097e-03,0.000000000000e+00
3.985270693412e-03,0.000000000000e+00
3.985280693412e-03,1.800000000000e+00
3.985370693412e-03,1.800000000000e+00
3.985380693412e-03,0.000000000000e+00
4.016409784817e-03,0.000000000000e+00
4.016419784817e-03,1.800000000000e+00
4.016509784817e-03,1.800000000000e+00
4.016519784817e-03,0.000000000000e+00
4.147915385586e-03,0.000000000000e+00
4.147925385586e-03,1.800000000000e+00
4.148015385586e-03,1.800000000000e+00
4.148025385586e-03,0.000000000000e+00
4.318155717527e-03,0.000000000000e+00
4.318165717527e-03,1.800000000000e+00
4.318255717527e-03,1.800000000000e+00
4.318265717527e-03,0.000000000000e+00
4.322228995563e-03,0.000000000000e+00
4.322238995563e-03,1.800000000000e+00
4.322328995563e-03,1.800000000000e+00
4.322338995563e-03,0.000000000000e+00
4.434769070011e-03,0.000000000000e+00
4.434779070011e-03,1.800000000000e+00
4.434869070011e-03,1.800000000000e+00
4.434879070011e-03,0.000000000000e+00
4.744127163208e-03,0.000000000000e+00
4.744137163208e-03,1.800000000000e+00
4.744227163208e-03,1.800000000000e+00
4.744237163208e-03,0.000000000000e+00
4.771401081854e-03,0.000000000000e+00
4.771411081854e-03,1.800000000000e+00
4.771501081854e-03,1.800000000000e+00
4.771511081854e-03,0.000000000000e+00
5.004338162776e-03,0.000000000000e+00
5.004348162776e-03,1.800000000000e+00
5.004438162776e-03,1.800000000000e+00
5.004448162776e-03,0.000000000000e+00
5.005386645963e-03,0.000000000000e+00
5.005396645963e-03,1.800000000000e+00
5.005486645963e-03,1.800000000000e+00
5.005496645963e-03,0.000000000000e+00
5.118214713214e-03,0.000000000000e+00
5.118224713214e-03,1.800000000000e+00
5.118314713214e-03,1.800000000000e+00
5.118324713214e-03,0.000000000000e+00
5.160739365718e-03,0.000000000000e+00
5.160749365718e-03,1.800000000000e+00
5.160839365718e-03,1.800000000000e+00
5.160849365718e-03,0.000000000000e+00
5.341507487519e-03,0.000000000000e+00
5.341517487519e-03,1.800000000000e+00
5.341607487519e-03,1.800000000000e+00
5.341617487519e-03,0.000000000000e+00
5.469624536455e-03,0.000000000000e+00
5.469634536455e-03,1.800000000000e+00
5.469724536455e-03,1.800000000000e+00
5.469734536455e-03,0.000000000000e+00
5.624788594831e-03,0.000000000000e+00
5.624798594831e-03,1.800000000000e+00
5.624888594831e-03,1.800000000000e+00
5.624898594831e-03,0.000000000000e+00
6.031276286643e-03,0.000000000000e+00
6.031286286643e-03,1.800000000000e+00
6.031376286643e-03,1.800000000000e+00
6.031386286643e-03,0.000000000000e+00
6.042863801692e-03,0.000000000000e+00
6.042873801692e-03,1.800000000000e+00
6.042963801692e-03,1.800000000000e+00
6.042973801692e-03,0.000000000000e+00
6.166413031798e-03,0.000000000000e+00
6.166423031798e-03,1.800000000000e+00
6.166513031798e-03,1.800000000000e+00
6.166523031798e-03,0.000000000000e+00
6.170075830611e-03,0.000000000000e+00
6.170085830611e-03,1.800000000000e+00
6.170175830611e-03,1.800000000000e+00
6.170185830611e-03,0.000000000000e+00
6.326028740460e-03,0.000000000000e+00
6.326038740460e-03,1.800000000000e+00
6.326128740460e-03,1.800000000000e+00
6.326138740460e-03,0.000000000000e+00
6.656077112108e-03,0.000000000000e+00
6.656087112108e-03,1.800000000000e+00
6.656177112108e-03,1.800000000000e+00
6.656187112108e-03,0.000000000000e+00
6.701941803860e-03,0.000000000000e+00
6.701951803860e-03,1.800000000000e+00
6.702041803860e-03,1.800000000000e+00
6.702051803860e-03,0.000000000000e+00
6.885777589133e-03,0.000000000000e+00
6.885787589133e-03,1.800000000000e+00
6.885877589133e-03,1.800000000000e+00
6.885887589133e-03,0.000000000000e+00
7.030131650782e-03,0.000000000000e+00
7.030141650782e-03,1.800000000000e+00
7.030231650782e-03,1.800000000000e+00
7.030241650782e-03,0.000000000000e+00
7.128672757919e-03,0.000000000000e+00
7.128682757919e-03,1.800000000000e+00
7.128772757919e-03,1.800000000000e+00
7.128782757919e-03,0.000000000000e+00
7.151258546897e-03,0.000000000000e+00
7.151268546897e-03,1.800000000000e+00
7.151358546897e-03,1.800000000000e+00
7.151368546897e-03,0.000000000000e+00
7.184096826292e-03,0.000000000000e+00
7.184106826292e-03,1.800000000000e+00
7.184196826292e-03,1.800000000000e+00
7.184206826292e-03,0.000000000000e+00
7.466286254511e-03,0.000000000000e+00
7.466296254511e-03,1.800000000000e+00
7.466386254511e-03,1.800000000000e+00
7.466396254511e-03,0.000000000000e+00
7.526026115261e-03,0.000000000000e+00
7.526036115261e-03,1.800000000000e+00
7.526126115261e-03,1.800000000000e+00
7.526136115261e-03,0.000000000000e+00
7.687636185124e-03,0.000000000000e+00
7.687646185124e-03,1.800000000000e+00
7.687736185124e-03,1.800000000000e+00
7.687746185124e-03,0.000000000000e+00
7.780747218741e-03,0.000000000000e+00
7.780757218741e-03,1.800000000000e+00
7.780847218741e-03,1.800000000000e+00
7.780857218741e-03,0.000000000000e+00
7.795585473251e-03,0.000000000000e+00
7.795595473251e-03,1.800000000000e+00
7.795685473251e-03,1.800000000000e+00
7.795695473251e-03,0.000000000000e+00
8.080601420861e-03,0.000000000000e+00
8.080611420861e-03,1.800000000000e+00
8.080701420861e-03,1.800000000000e+00
8.080711420861e-03,0.000000000000e+00
8.193961612593e-03,0.000000000000e+00
8.193971612593e-03,1.800000000000e+00
8.194061612593e-03,1.800000000000e+00
8.194071612593e-03,0.000000000000e+00
8.420481617262e-03,0.000000000000e+00
8.420491617262e-03,1.800000000000e+00
8.420581617262e-03,1.800000000000e+00
8.420591617262e-03,0.000000000000e+00
8.446730388856e-03,0.000000000000e+00
8.446740388856e-03,1.800000000000e+00
8.446830388856e-03,1.800000000000e+00
8.446840388856e-03,0.000000000000e+00
8.449524333322e-03,0.000000000000e+00
8.449534333322e-03,1.800000000000e+00
8.449624333322e-03,1.800000000000e+00
8.449634333322e-03,0.000000000000e+00
8.459459824843e-03,0.000000000000e+00
8.459469824843e-03,1.800000000000e+00
8.459559824843e-03,1.800000000000e+00
8.459569824843e-03,0.000000000000e+00
8.524355035504e-03,0.000000000000e+00
8.524365035504e-03,1.800000000000e+00
8.524455035504e-03,1.800000000000e+00
8.524465035504e-03,0.000000000000e+00
8.561646479612e-03,0.000000000000e+00
8.561656479612e-03,1.800000000000e+00
8.561746479612e-03,1.800000000000e+00
8.561756479612e-03,0.000000000000e+00
8.704723248185e-03,0.000000000000e+00
8.704733248185e-03,1.800000000000e+00
8.704823248185e-03,1.800000000000e+00
8.704833248185e-03,0.000000000000e+00
8.710120757761e-03,0.000000000000e+00
8.710130757761e-03,1.800000000000e+00
8.710220757761e-03,1.800000000000e+00
8.710230757761e-03,0.000000000000e+00
8.838498133200e-03,0.000000000000e+00
8.838508133200e-03,1.800000000000e+00
8.838598133200e-03,1.800000000000e+00
8.838608133200e-03,0.000000000000e+00
8.875958829434e-03,0.000000000000e+00
8.875968829434e-03,1.800000000000e+00
8.876058829434e-03,1.800000000000e+00
8.876068829434e-03,0.000000000000e+00
8.891210332944e-03,0.000000000000e+00
8.891220332944e-03,1.800000000000e+00
8.891310332944e-03,1.800000000000e+00
8.891320332944e-03,0.000000000000e+00
9.023038089332e-03,0.000000000000e+00
9.023048089332e-03,1.800000000000e+00
9.023138089332e-03,1.800000000000e+00
9.023148089332e-03,0.000000000000e+00
9.057610354850e-03,0.000000000000e+00
9.057620354850e-03,1.800000000000e+00
9.057710354850e-03,1.800000000000e+00
9.057720354850e-03,0.000000000000e+00
9.131825501743e-03,0.000000000000e+00
9.131835501743e-03,1.800000000000e+00
9.131925501743e-03,1.800000000000e+00
9.131935501743e-03,0.000000000000e+00
9.151125806628e-03,0.000000000000e+00
9.151135806628e-03,1.800000000000e+00
9.151225806628e-03,1.800000000000e+00
9.151235806628e-03,0.000000000000e+00
9.335223196562e-03,0.000000000000e+00
9.335233196562e-03,1.800000000000e+00
9.335323196562e-03,1.800000000000e+00
9.335333196562e-03,0.000000000000e+00
9.341715079450e-03,0.000000000000e+00
9.341725079450e-03,1.800000000000e+00
9.341815079450e-03,1.800000000000e+00
9.341825079450e-03,0.000000000000e+00
9.352337986689e-03,0.000000000000e+00
9.352347986689e-03,1.800000000000e+00
9.352437986689e-03,1.800000000000e+00
9.352447986689e-03,0.000000000000e+00
9.642936287040e-03,0.000000000000e+00
9.642946287040e-03,1.800000000000e+00
9.643036287040e-03,1.800000000000e+00
9.643046287040e-03,0.000000000000e+00
9.655064384502e-03,0.000000000000e+00
9.655074384502e-03,1.800000000000e+00
9.655164384502e-03,1.800000000000e+00
9.655174384502e-03,0.000000000000e+00
9.709221695980e-03,0.000000000000e+00
9.709231695980e-03,1.800000000000e+00
9.709321695980e-03,1.800000000000e+00
9.709331695980e-03,0.000000000000e+00
9.787373074023e-03,0.000000000000e+00
9.787383074023e-03,1.800000000000e+00
9.787473074023e-03,1.800000000000e+00
9.787483074023e-03,0.000000000000e+00
9.873547393497e-03,0.000000000000e+00
9.873557393497e-03,1.800000000000e+00
9.873647393497e-03,1.800000000000e+00
9.873657393497e-03,0.000000000000e+00
9.960328068284e-03,0.000000000000e+00
9.960338068284e-03,1.800000000000e+00
9.960428068284e-03,1.800000000000e+00
9.960438068284e-03,0.000000000000e+00
1.000303105631e-02,0.000000000000e+00
1.000304105631e-02,1.800000000000e+00
1.000313105631e-02,1.800000000000e+00
1.000314105631e-02,0.000000000000e+00
1.001394535263e-02,0.000000000000e+00
1.001395535263e-02,1.800000000000e+00
1.001404535263e-02,1.800000000000e+00
1.001405535263e-02,0.000000000000e+00
1.012576835746e-02,0.000000000000e+00
1.012577835746e-02,1.800000000000e+00
1.012586835746e-02,1.800000000000e+00
1.012587835746e-02,0.000000000000e+00
1.014353071847e-02,0.000000000000e+00
1.014354071847e-02,1.800000000000e+00
1.014363071847e-02,1.800000000000e+00
1.014364071847e-02,0.000000000000e+00
1.014547368777e-02,0.000000000000e+00
1.014548368777e-02,1.800000000000e+00
1.014557368777e-02,1.800000000000e+00
1.014558368777e-02,0.000000000000e+00
1.018238353572e-02,0.000000000000e+00
1.018239353572e-02,1.800000000000e+00
1.018248353572e-02,1.800000000000e+00
1.018249353572e-02,0.000000000000e+00
1.031271123823e-02,0.000000000000e+00
1.031272123823e-02,1.800000000000e+00
1.031281123823e-02,1.800000000000e+00
1.031282123823e-02,0.000000000000e+00
1.032649940108e-02,0.000000000000e+00
1.032650940108e-02,1.800000000000e+00
1.032659940108e-02,1.800000000000e+00
1.032660940108e-02,0.000000000000e+00
1.064625808210e-02,0.000000000000e+00
1.064626808210e-02,1.800000000000e+00
1.064635808210e-02,1.800000000000e+00
1.064636808210e-02,0.000000000000e+00
1.091474930380e-02,0.000000000000e+00
1.091475930380e-02,1.800000000000e+00
1.091484930380e-02,1.800000000000e+00
1.091485930380e-02,0.000000000000e+00
1.101706881225e-02,0.000000000000e+00
1.101707881225e-02,1.800000000000e+00
1.101716881225e-02,1.800000000000e+00
1.101717881225e-02,0.000000000000e+00
1.108845213377e-02,0.000000000000e+00
1.108846213377e-02,1.800000000000e+00
1.108855213377e-02,1.800000000000e+00
1.108856213377e-02,0.000000000000e+00
1.119938949276e-02,0.000000000000e+00
1.119939949276e-02,1.800000000000e+00
1.119948949276e-02,1.800000000000e+00
1.119949949276e-02,0.000000000000e+00
1.125086037366e-02,0.000000000000e+00
1.125087037366e-02,1.800000000000e+00
1.125096037366e-02,1.800000000000e+00
1.125097037366e-02,0.000000000000e+00
1.126378866285e-02,0.000000000000e+00
1.126379866285e-02,1.800000000000e+00
1.126388866285e-02,1.800000000000e+00
1.126389866285e-02,0.000000000000e+00
1.126602582726e-02,0.000000000000e+00
1.126603582726e-02,1.800000000000e+00
1.126612582726e-02,1.800000000000e+00
1.126613582726e-02,0.000000000000e+00
1.144288401262e-02,0.000000000000e+00
1.144289401262e-02,1.800000000000e+00
1.144298401262e-02,1.800000000000e+00
1.144299401262e-02,0.000000000000e+00
1.163802283789e-02,0.000000000000e+00
1.163803283789e-02,1.800000000000e+00
1.163812283789e-02,1.800000000000e+00
1.163813283789e-02,0.000000000000e+00
1.186979281968e-02,0.000000000000e+00
1.186980281968e-02,1.800000000000e+00
1.186989281968e-02,1.800000000000e+00
1.186990281968e-02,0.000000000000e+00
1.187632419234e-02,0.000000000000e+00
1.187633419234e-02,1.800000000000e+00
1.187642419234e-02,1.800000000000e+00
1.187643419234e-02,0.000000000000e+00
1.191897953152e-02,0.000000000000e+00
1.191898953152e-02,1.800000000000e+00
1.191907953152e-02,1.800000000000e+00
1.191908953152e-02,0.000000000000e+00
1.196237115445e-02,0.000000000000e+00
1.196238115445e-02,1.800000000000e+00
1.196247115445e-02,1.800000000000e+00
1.196248115445e-02,0.000000000000e+00
1.206484925720e-02,0.000000000000e+00
1.206485925720e-02,1.800000000000e+00
1.206494925720e-02,1.800000000000e+00
1.206495925720e-02,0.000000000000e+00
1.210522677069e-02,0.000000000000e+00
1.210523677069e-02,1.800000000000e+00
1.210532677069e-02,1.800000000000e+00
1.210533677069e-02,0.000000000000e+00
1.219626422657e-02,0.000000000000e+00
1.219627422657e-02,1.800000000000e+00
1.219636422657e-02,1.800000000000e+00
1.219637422657e-02,0.000000000000e+00
1.227804504163e-02,0.000000000000e+00
1.227805504163e-02,1.800000000000e+00
1.227814504163e-02,1.800000000000e+00
1.227815504163e-02,0.000000000000e+00
1.227841715982e-02,0.000000000000e+00
1.227842715982e-02,1.800000000000e+00
1.227851715982e-02,1.800000000000e+00
1.227852715982e-02,0.000000000000e+00
1.238799970845e-02,0.000000000000e+00
1.238800970845e-02,1.800000000000e+00
1.238809970845e-02,1.800000000000e+00
1.238810970845e-02,0.000000000000e+00
1.250478804488e-02,0.000000000000e+00
1.250479804488e-02,1.800000000000e+00
1.250488804488e-02,1.800000000000e+00
1.250489804488e-02,0.000000000000e+00
1.255280263356e-02,0.000000000000e+00
1.255281263356e-02,1.800000000000e+00
1.255290263356e-02,1.800000000000e+00
1.255291263356e-02,0.000000000000e+00
1.265862884516e-02,0.000000000000e+00
1.265863884516e-02,1.800000000000e+00
1.265872884516e-02,1.800000000000e+00
1.265873884516e-02,0.000000000000e+00
1.268323920145e-02,0.000000000000e+00
1.268324920145e-02,1.800000000000e+00
1.268333920145e-02,1.800000000000e+00
1.268334920145e-02,0.000000000000e+00
1.273393490191e-02,0.000000000000e+00
1.273394490191e-02,1.800000000000e+00
1.273403490191e-02,1.800000000000e+00
1.273404490191e-02,0.000000000000e+00
1.279812756042e-02,0.000000000000e+00
1.279813756042e-02,1.800000000000e+00
1.279822756042e-02,1.800000000000e+00
1.279823756042e-02,0.000000000000e+00
1.287801175078e-02,0.000000000000e+00
1.287802175078e-02,1.800000000000e+00
1.287811175078e-02,1.800000000000e+00
1.287812175078e-02,0.000000000000e+00
1.294524990866e-02,0.000000000000e+00
1.294525990866e-02,1.800000000000e+00
1.294534990866e-02,1.800000000000e+00
1.294535990866e-02,0.000000000000e+00
1.297863235354e-02,0.000000000000e+00
1.297864235354e-02,1.800000000000e+00
1.297873235354e-02,1.800000000000e+00
1.297874235354e-02,0.000000000000e+00
1.347194049067e-02,0.000000000000e+00
1.347195049067e-02,1.800000000000e+00
1.347204049067e-02,1.800000000000e+00
1.347205049067e-02,0.000000000000e+00
1.352847681375e-02,0.000000000000e+00
1.352848681375e-02,1.800000000000e+00
1.352857681375e-02,1.800000000000e+00
1.352858681375e-02,0.000000000000e+00
1.362979494322e-02,0.000000000000e+00
1.362980494322e-02,1.800000000000e+00
1.362989494322e-02,1.800000000000e+00
1.362990494322e-02,0.000000000000e+00
1.368398376880e-02,0.000000000000e+00
1.368399376880e-02,1.800000000000e+00
1.368408376880e-02,1.800000000000e+00
1.368409376880e-02,0.000000000000e+00
1.429544283103e-02,0.000000000000e+00
1.429545283103e-02,1.800000000000e+00
1.429554283103e-02,1.800000000000e+00
1.429555283103e-02,0.000000000000e+00
1.439001138394e-02,0.000000000000e+00
1.439002138394e-02,1.800000000000e+00
1.439011138394e-02,1.800000000000e+00
1.439012138394e-02,0.000000000000e+00
1.439711073821e-02,0.000000000000e+00
1.439712073821e-02,1.800000000000e+00
1.439721073821e-02,1.800000000000e+00
1.439722073821e-02,0.000000000000e+00
1.475388259790e-02,0.000000000000e+00
1.475389259790e-02,1.800000000000e+00
1.475398259790e-02,1.800000000000e+00
1.475399259790e-02,0.000000000000e+00
1.479253999999e-02,0.000000000000e+00
1.479254999999e-02,1.800000000000e+00
1.479263999999e-02,1.800000000000e+00
1.479264999999e-02,0.000000000000e+00
1.480809895271e-02,0.000000000000e+00
1.480810895271e-02,1.800000000000e+00
1.480819895271e-02,1.800000000000e+00
1.480820895271e-02,0.000000000000e+00
1.485688789409e-02,0.000000000000e+00
1.485689789409e-02,1.800000000000e+00
1.485698789409e-02,1.800000000000e+00
1.485699789409e-02,0.000000000000e+00
1.502290566088e-02,0.000000000000e+00
1.502291566088e-02,1.800000000000e+00
1.502300566088e-02,1.800000000000e+00
1.502301566088e-02,0.000000000000e+00
1.511953895779e-02,0.000000000000e+00
1.511954895779e-02,1.800000000000e+00
1.511963895779e-02,1.800000000000e+00
1.511964895779e-02,0.000000000000e+00
1.521384742419e-02,0.000000000000e+00
1.521385742419e-02,1.800000000000e+00
1.521394742419e-02,1.800000000000e+00
1.521395742419e-02,0.000000000000e+00
1.532602351181e-02,0.000000000000e+00
1.532603351181e-02,1.800000000000e+00
1.532612351181e-02,1.800000000000e+00
1.532613351181e-02,0.000000000000e+00
1.533725706327e-02,0.000000000000e+00
1.533726706327e-02,1.800000000000e+00
1.533735706327e-02,1.800000000000e+00
1.533736706327e-02,0.000000000000e+00
1.542318484921e-02,0.000000000000e+00
1.542319484921e-02,1.800000000000e+00
1.542328484921e-02,1.800000000000e+00
1.542329484921e-02,0.000000000000e+00
1.553106995624e-02,0.000000000000e+00
1.553107995624e-02,1.800000000000e+00
1.553116995624e-02,1.800000000000e+00
1.553117995624e-02,0.000000000000e+00
1.564735927869e-02,0.000000000000e+00
1.564736927869e-02,1.800000000000e+00
1.564745927869e-02,1.800000000000e+00
1.564746927869e-02,0.000000000000e+00
1.569366478225e-02,0.000000000000e+00
1.569367478225e-02,1.800000000000e+00
1.569376478225e-02,1.800000000000e+00
1.569377478225e-02,0.000000000000e+00
1.596685621609e-02,0.000000000000e+00
1.596686621609e-02,1.800000000000e+00
1.596695621609e-02,1.800000000000e+00
1.596696621609e-02,0.000000000000e+00
1.603401365237e-02,0.000000000000e+00
1.603402365237e-02,1.800000000000e+00
1.603411365237e-02,1.800000000000e+00
1.603412365237e-02,0.000000000000e+00
1.613090914632e-02,0.000000000000e+00
1.613091914632e-02,1.800000000000e+00
1.613100914632e-02,1.800000000000e+00
1.613101914632e-02,0.000000000000e+00
1.618853337057e-02,0.000000000000e+00
1.618854337057e-02,1.800000000000e+00
1.618863337057e-02,1.800000000000e+00
1.618864337057e-02,0.000000000000e+00
1.619792516888e-02,0.000000000000e+00
1.619793516888e-02,1.800000000000e+00
1.619802516888e-02,1.800000000000e+00
1.619803516888e-02,0.000000000000e+00
1.628111499004e-02,0.000000000000e+00
1.628112499004e-02,1.800000000000e+00
1.628121499004e-02,1.800000000000e+00
1.628122499004e-02,0.000000000000e+00
1.655071303246e-02,0.000000000000e+00
1.655072303246e-02,1.800000000000e+00
1.655081303246e-02,1.800000000000e+00
1.655082303246e-02,0.000000000000e+00
1.657429526030e-02,0.000000000000e+00
1.657430526030e-02,1.800000000000e+00
1.657439526030e-02,1.800000000000e+00
1.657440526030e-02,0.000000000000e+00
1.686255714879e-02,0.000000000000e+00
1.686256714879e-02,1.800000000000e+00
1.686265714879e-02,1.800000000000e+00
1.686266714879e-02,0.000000000000e+00
1.699013407793e-02,0.000000000000e+00
1.699014407793e-02,1.800000000000e+00
1.699023407793e-02,1.800000000000e+00
1.699024407793e-02,0.000000000000e+00
1.726311538402e-02,0.000000000000e+00
1.726312538402e-02,1.800000000000e+00
1.726321538402e-02,1.800000000000e+00
1.726322538402e-02,0.000000000000e+00
1.743103354369e-02,0.000000000000e+00
1.743104354369e-02,1.800000000000e+00
1.743113354369e-02,1.800000000000e+00
1.743114354369e-02,0.000000000000e+00
1.758601747879e-02,0.000000000000e+00
1.758602747879e-02,1.800000000000e+00
1.758611747879e-02,1.800000000000e+00
1.758612747879e-02,0.000000000000e+00
1.762902557643e-02,0.000000000000e+00
1.762903557643e-02,1.800000000000e+00
1.762912557643e-02,1.800000000000e+00
1.762913557643e-02,0.000000000000e+00
1.770713038543e-02,0.000000000000e+00
1.770714038543e-02,1.800000000000e+00
1.770723038543e-02,1.800000000000e+00
1.770724038543e-02,0.000000000000e+00
1.790306986107e-02,0.000000000000e+00
1.790307986107e-02,1.800000000000e+00
1.790316986107e-02,1.800000000000e+00
1.790317986107e-02,0.000000000000e+00
1.792298395616e-02,0.000000000000e+00
1.792299395616e-02,1.800000000000e+00
1.792308395616e-02,1.800000000000e+00
1.792309395616e-02,0.000000000000e+00
1.815061108523e-02,0.000000000000e+00
1.815062108523e-02,1.800000000000e+00
1.815071108523e-02,1.800000000000e+00
1.815072108523e-02,0.000000000000e+00
1.815931413259e-02,0.000000000000e+00
1.815932413259e-02,1.800000000000e+00
1.815941413259e-02,1.800000000000e+00
1.815942413259e-02,0.000000000000e+00
1.823067026013e-02,0.000000000000e+00
1.823068026013e-02,1.800000000000e+00
1.823077026013e-02,1.800000000000e+00
1.823078026013e-02,0.000000000000e+00
1.828661385440e-02,0.000000000000e+00
1.828662385440e-02,1.800000000000e+00
1.828671385440e-02,1.800000000000e+00
1.828672385440e-02,0.000000000000e+00
1.852433626653e-02,0.000000000000e+00
1.852434626653e-02,1.800000000000e+00
1.852443626653e-02,1.800000000000e+00
1.852444626653e-02,0.000000000000e+00
1.854472399214e-02,0.000000000000e+00
1.854473399214e-02,1.800000000000e+00
1.854482399214e-02,1.800000000000e+00
1.854483399214e-02,0.000000000000e+00
1.856330720190e-02,0.000000000000e+00
1.856331720190e-02,1.800000000000e+00
1.856340720190e-02,1.800000000000e+00
1.856341720190e-02,0.000000000000e+00
1.874049895896e-02,0.000000000000e+00
1.874050895896e-02,1.800000000000e+00
1.874059895896e-02,1.800000000000e+00
1.874060895896e-02,0.000000000000e+00
1.874787324502e-02,0.000000000000e+00
1.874788324502e-02,1.800000000000e+00
1.874797324502e-02,1.800000000000e+00
1.874798324502e-02,0.000000000000e+00
1.875502581099e-02,0.000000000000e+00
1.875503581099e-02,1.800000000000e+00
1.875512581099e-02,1.800000000000e+00
1.875513581099e-02,0.000000000000e+00
1.913426975707e-02,0.000000000000e+00
1.913427975707e-02,1.800000000000e+00
1.913436975707e-02,1.800000000000e+00
1.913437975707e-02,0.000000000000e+00
1.916363136339e-02,0.000000000000e+00
1.916364136339e-02,1.800000000000e+00
1.916373136339e-02,1.800000000000e+00
1.916374136339e-02,0.000000000000e+00
1.923984647989e-02,0.000000000000e+00
1.923985647989e-02,1.800000000000e+00
1.923994647989e-02,1.800000000000e+00
1.923995647989e-02,0.000000000000e+00
1.929467305678e-02,0.000000000000e+00
1.929468305678e-02,1.800000000000e+00
1.929477305678e-02,1.800000000000e+00
1.929478305678e-02,0.000000000000e+00
1.930286216412e-02,0.000000000000e+00
1.930287216412e-02,1.800000000000e+00
1.930296216412e-02,1.800000000000e+00
1.930297216412e-02,0.000000000000e+00
1.949500406857e-02,0.000000000000e+00
1.949501406857e-02,1.800000000000e+00
1.949510406857e-02,1.800000000000e+00
1.949511406857e-02,0.000000000000e+00
1.959433662749e-02,0.000000000000e+00
1.959434662749e-02,1.800000000000e+00
1.959443662749e-02,1.800000000000e+00
1.959444662749e-02,0.000000000000e+00
1.960888720021e-02,0.000000000000e+00
1.960889720021e-02,1.800000000000e+00
1.960898720021e-02,1.800000000000e+00
1.960899720021e-02,0.000000000000e+00
1.979657465264e-02,0.000000000000e+00
1.979658465264e-02,1.800000000000e+00
1.979667465264e-02,1.800000000000e+00
1.979668465264e-02,0.000000000000e+00
1.986925468038e-02,0.000000000000e+00
1.986926468038e-02,1.800000000000e+00
1.986935468038e-02,1.800000000000e+00
1.986936468038e-02,0.000000000000e+00
2.004903315734e-02,0.000000000000e+00
2.004904315734e-02,1.800000000000e+00
2.004913315734e-02,1.800000000000e+00
2.004914315734e-02,0.000000000000e+00
2.017270282341e-02,0.000000000000e+00
2.017271282341e-02,1.800000000000e+00
2.017280282341e-02,1.800000000000e+00
2.017281282341e-02,0.000000000000e+00
2.031396164211e-02,0.000000000000e+00
2.031397164211e-02,1.800000000000e+00
2.031406164211e-02,1.800000000000e+00
2.031407164211e-02,0.000000000000e+00
2.032506476430e-02,0.000000000000e+00
2.032507476430e-02,1.800000000000e+00
2.032516476430e-02,1.800000000000e+00
2.032517476430e-02,0.000000000000e+00
2.041752511364e-02,0.000000000000e+00
2.041753511364e-02,1.800000000000e+00
2.041762511364e-02,1.800000000000e+00
2.041763511364e-02,0.000000000000e+00
2.041968270986e-02,0.000000000000e+00
2.041969270986e-02,1.800000000000e+00
2.041978270986e-02,1.800000000000e+00
2.041979270986e-02,0.000000000000e+00
2.052265742838e-02,0.000000000000e+00
2.052266742838e-02,1.800000000000e+00
2.052275742838e-02,1.800000000000e+00
2.052276742838e-02,0.000000000000e+00
2.067185865265e-02,0.000000000000e+00
2.067186865265e-02,1.800000000000e+00
2.067195865265e-02,1.800000000000e+00
2.067196865265e-02,0.000000000000e+00
2.072501521968e-02,0.000000000000e+00
2.072502521968e-02,1.800000000000e+00
2.072511521968e-02,1.800000000000e+00
2.072512521968e-02,0.000000000000e+00
2.088714302247e-02,0.000000000000e+00
2.088715302247e-02,1.800000000000e+00
2.088724302247e-02,1.800000000000e+00
2.088725302247e-02,0.000000000000e+00
2.110205625545e-02,0.000000000000e+00
2.110206625545e-02,1.800000000000e+00
2.110215625545e-02,1.800000000000e+00
2.110216625545e-02,0.000000000000e+00
2.125992631406e-02,0.000000000000e+00
2.125993631406e-02,1.800000000000e+00
2.126002631406e-02,1.800000000000e+00
2.126003631406e-02,0.000000000000e+00
2.134632168935e-02,0.000000000000e+00
2.134633168935e-02,1.800000000000e+00
2.134642168935e-02,1.800000000000e+00
2.134643168935e-02,0.000000000000e+00
2.137926076673e-02,0.000000000000e+00
2.137927076673e-02,1.800000000000e+00
2.137936076673e-02,1.800000000000e+00
2.137937076673e-02,0.000000000000e+00
2.151281794177e-02,0.000000000000e+00
2.151282794177e-02,1.800000000000e+00
2.151291794177e-02,1.800000000000e+00
2.151292794177e-02,0.000000000000e+00
2.153676019343e-02,0.000000000000e+00
2.153677019343e-02,1.800000000000e+00
2.153686019343e-02,1.800000000000e+00
2.153687019343e-02,0.000000000000e+00
2.154251614700e-02,0.000000000000e+00
2.154252614700e-02,1.800000000000e+00
2.154261614700e-02,1.800000000000e+00
2.154262614700e-02,0.000000000000e+00
2.161142016673e-02,0.000000000000e+00
2.161143016673e-02,1.800000000000e+00
2.161152016673e-02,1.800000000000e+00
2.161153016673e-02,0.000000000000e+00
2.165393155197e-02,0.000000000000e+00
2.165394155197e-02,1.800000000000e+00
2.165403155197e-02,1.800000000000e+00
2.165404155197e-02,0.000000000000e+00
2.168369290156e-02,0.000000000000e+00
2.168370290156e-02,1.800000000000e+00
2.168379290156e-02,1.800000000000e+00
2.168380290156e-02,0.000000000000e+00
2.177769515799e-02,0.000000000000e+00
2.177770515799e-02,1.800000000000e+00
2.177779515799e-02,1.800000000000e+00
2.177780515799e-02,0.000000000000e+00
2.188724602197e-02,0.000000000000e+00
2.188725602197e-02,1.800000000000e+00
2.188734602197e-02,1.800000000000e+00
2.188735602197e-02,0.000000000000e+00
2.198139310235e-02,0.000000000000e+00
2.198140310235e-02,1.800000000000e+00
2.198149310235e-02,1.800000000000e+00
2.198150310235e-02,0.000000000000e+00
2.202145294061e-02,0.000000000000e+00
2.202146294061e-02,1.800000000000e+00
2.202155294061e-02,1.800000000000e+00
2.202156294061e-02,0.000000000000e+00
2.208069369739e-02,0.000000000000e+00
2.208070369739e-02,1.800000000000e+00
2.208079369739e-02,1.800000000000e+00
2.208080369739e-02,0.000000000000e+00
2.210054365648e-02,0.000000000000e+00
2.210055365648e-02,1.800000000000e+00
2.210064365648e-02,1.800000000000e+00
2.210065365648e-02,0.000000000000e+00
2.210526132060e-02,0.000000000000e+00
2.210527132060e-02,1.800000000000e+00
2.210536132060e-02,1.800000000000e+00
2.210537132060e-02,0.000000000000e+00
2.219096665677e-02,0.000000000000e+00
2.219097665677e-02,1.800000000000e+00
2.219106665677e-02,1.800000000000e+00
2.219107665677e-02,0.000000000000e+00
2.224642078998e-02,0.000000000000e+00
2.224643078998e-02,1.800000000000e+00
2.224652078998e-02,1.800000000000e+00
2.224653078998e-02,0.000000000000e+00
2.226575429631e-02,0.000000000000e+00
2.226576429631e-02,1.800000000000e+00
2.226585429631e-02,1.800000000000e+00
2.226586429631e-02,0.000000000000e+00
2.232159417075e-02,0.000000000000e+00
2.232160417075e-02,1.800000000000e+00
2.232169417075e-02,1.800000000000e+00
2.232170417075e-02,0.000000000000e+00
2.234604129569e-02,0.000000000000e+00
2.234605129569e-02,1.800000000000e+00
2.234614129569e-02,1.800000000000e+00
2.234615129569e-02,0.000000000000e+00
2.234931759302e-02,0.000000000000e+00
2.234932759302e-02,1.800000000000e+00
2.234941759302e-02,1.800000000000e+00
2.234942759302e-02,0.000000000000e+00
2.244859365557e-02,0.000000000000e+00
2.244860365557e-02,1.800000000000e+00
2.244869365557e-02,1.800000000000e+00
2.244870365557e-02,0.000000000000e+00
2.248176986177e-02,0.000000000000e+00
2.248177986177e-02,1.800000000000e+00
2.248186986177e-02,1.800000000000e+00
2.248187986177e-02,0.000000000000e+00
2.248754248998e-02,0.000000000000e+00
2.248755248998e-02,1.800000000000e+00
2.248764248998e-02,1.800000000000e+00
2.248765248998e-02,0.000000000000e+00
2.266391705311e-02,0.000000000000e+00
2.266392705311e-02,1.800000000000e+00
2.266401705311e-02,1.800000000000e+00
2.266402705311e-02,0.000000000000e+00
2.278081649737e-02,0.000000000000e+00
2.278082649737e-02,1.800000000000e+00
2.278091649737e-02,1.800000000000e+00
2.278092649737e-02,0.000000000000e+00
2.278244219611e-02,0.000000000000e+00
2.278245219611e-02,1.800000000000e+00
2.278254219611e-02,1.800000000000e+00
2.278255219611e-02,0.000000000000e+00
2.282000508420e-02,0.000000000000e+00
2.282001508420e-02,1.800000000000e+00
2.282010508420e-02,1.800000000000e+00
2.282011508420e-02,0.000000000000e+00
2.295509524143e-02,0.000000000000e+00
2.295510524143e-02,1.800000000000e+00
2.295519524143e-02,1.800000000000e+00
2.295520524143e-02,0.000000000000e+00
2.304701924334e-02,0.000000000000e+00
2.304702924334e-02,1.800000000000e+00
2.304711924334e-02,1.800000000000e+00
2.304712924334e-02,0.000000000000e+00
2.317391922365e-02,0.000000000000e+00
2.317392922365e-02,1.800000000000e+00
2.317401922365e-02,1.800000000000e+00
2.317402922365e-02,0.000000000000e+00
2.321887945638e-02,0.000000000000e+00
2.321888945638e-02,1.800000000000e+00
2.321897945638e-02,1.800000000000e+00
2.321898945638e-02,0.000000000000e+00
2.345734042649e-02,0.000000000000e+00
2.345735042649e-02,1.800000000000e+00
2.345744042649e-02,1.800000000000e+00
2.345745042649e-02,0.000000000000e+00
2.348152990156e-02,0.000000000000e+00
2.348153990156e-02,1.800000000000e+00
2.348162990156e-02,1.800000000000e+00
2.348163990156e-02,0.000000000000e+00
2.348837941660e-02,0.000000000000e+00
2.348838941660e-02,1.800000000000e+00
2.348847941660e-02,1.800000000000e+00
2.348848941660e-02,0.000000000000e+00
2.366401632714e-02,0.000000000000e+00
2.366402632714e-02,1.800000000000e+00
2.366411632714e-02,1.800000000000e+00
2.366412632714e-02,0.000000000000e+00
2.373316783505e-02,0.000000000000e+00
2.373317783505e-02,1.800000000000e+00
2.373326783505e-02,1.800000000000e+00
2.373327783505e-02,0.000000000000e+00
2.376389550136e-02,0.000000000000e+00
2.376390550136e-02,1.800000000000e+00
2.376399550136e-02,1.800000000000e+00
2.376400550136e-02,0.000000000000e+00
2.379674881029e-02,0.000000000000e+00
2.379675881029e-02,1.800000000000e+00
2.379684881029e-02,1.800000000000e+00
2.379685881029e-02,0.000000000000e+00
2.381066711269e-02,0.000000000000e+00
2.381067711269e-02,1.800000000000e+00
2.381076711269e-02,1.800000000000e+00
2.381077711269e-02,0.000000000000e+00
2.383140622865e-02,0.000000000000e+00
2.383141622865e-02,1.800000000000e+00
2.383150622865e-02,1.800000000000e+00
2.383151622865e-02,0.000000000000e+00
2.387870447929e-02,0.000000000000e+00
2.387871447929e-02,1.800000000000e+00
2.387880447929e-02,1.800000000000e+00
2.387881447929e-02,0.000000000000e+00
2.397456109192e-02,0.000000000000e+00
2.397457109192e-02,1.800000000000e+00
2.397466109192e-02,1.800000000000e+00
2.397467109192e-02,0.000000000000e+00
2.404019188000e-02,0.000000000000e+00
2.404020188000e-02,1.800000000000e+00
2.404029188000e-02,1.800000000000e+00
2.404030188000e-02,0.000000000000e+00
2.408404176474e-02,0.000000000000e+00
2.408405176474e-02,1.800000000000e+00
2.408414176474e-02,1.800000000000e+00
2.408415176474e-02,0.000000000000e+00
2.421546469169e-02,0.000000000000e+00
2.421547469169e-02,1.800000000000e+00
2.421556469169e-02,1.800000000000e+00
2.421557469169e-02,0.000000000000e+00
2.428251521166e-02,0.000000000000e+00
2.428252521166e-02,1.800000000000e+00
2.428261521166e-02,1.800000000000e+00
2.428262521166e-02,0.000000000000e+00
2.431977361368e-02,0.000000000000e+00
2.431978361368e-02,1.800000000000e+00
2.431987361368e-02,1.800000000000e+00
2.431988361368e-02,0.000000000000e+00
2.441083726888e-02,0.000000000000e+00
2.441084726888e-02,1.800000000000e+00
2.441093726888e-02,1.800000000000e+00
2.441094726888e-02,0.000000000000e+00
2.453516867129e-02,0.000000000000e+00
2.453517867129e-02,1.800000000000e+00
2.453526867129e-02,1.800000000000e+00
2.453527867129e-02,0.000000000000e+00
2.467541043510e-02,0.000000000000e+00
2.467542043510e-02,1.800000000000e+00
2.467551043510e-02,1.800000000000e+00
2.467552043510e-02,0.000000000000e+00
2.468073265261e-02,0.000000000000e+00
2.468074265261e-02,1.800000000000e+00
2.468083265261e-02,1.800000000000e+00
2.468084265261e-02,0.000000000000e+00
2.485588851032e-02,0.000000000000e+00
2.485589851032e-02,1.800000000000e+00
2.485598851032e-02,1.800000000000e+00
2.485599851032e-02,0.000000000000e+00
2.493925862457e-02,0.000000000000e+00
2.493926862457e-02,1.800000000000e+00
2.493935862457e-02,1.800000000000e+00
2.493936862457e-02,0.000000000000e+00
2.496990035817e-02,0.000000000000e+00
2.496991035817e-02,1.800000000000e+00
2.497000035817e-02,1.800000000000e+00
2.497001035817e-02,0.000000000000e+00
2.502167040823e-02,0.000000000000e+00
2.502168040823e-02,1.800000000000e+00
2.502177040823e-02,1.800000000000e+00
2.502178040823e-02,0.000000000000e+00
2.504378725799e-02,0.000000000000e+00
2.504379725799e-02,1.800000000000e+00
2.504388725799e-02,1.800000000000e+00
2.504389725799e-02,0.000000000000e+00
2.519210999430e-02,0.000000000000e+00
2.519211999430e-02,1.800000000000e+00
2.519220999430e-02,1.800000000000e+00
2.519221999430e-02,0.000000000000e+00
2.528584974629e-02,0.000000000000e+00
2.528585974629e-02,1.800000000000e+00
2.528594974629e-02,1.800000000000e+00
2.528595974629e-02,0.000000000000e+00
2.534587724976e-02,0.000000000000e+00
2.534588724976e-02,1.800000000000e+00
2.534597724976e-02,1.800000000000e+00
2.534598724976e-02,0.000000000000e+00
2.549982822141e-02,0.000000000000e+00
2.549983822141e-02,1.800000000000e+00
2.549992822141e-02,1.800000000000e+00
2.549993822141e-02,0.000000000000e+00
2.559223865372e-02,0.000000000000e+00
2.559224865372e-02,1.800000000000e+00
2.559233865372e-02,1.800000000000e+00
2.559234865372e-02,0.000000000000e+00
2.560201508391e-02,0.000000000000e+00
2.560202508391e-02,1.800000000000e+00
2.560211508391e-02,1.800000000000e+00
2.560212508391e-02,0.000000000000e+00
2.564881973934e-02,0.000000000000e+00
2.564882973934e-02,1.800000000000e+00
2.564891973934e-02,1.800000000000e+00
2.564892973934e-02,0.000000000000e+00
2.581754997927e-02,0.000000000000e+00
2.581755997927e-02,1.800000000000e+00
2.581764997927e-02,1.800000000000e+00
2.581765997927e-02,0.000000000000e+00
2.583000772484e-02,0.000000000000e+00
2.583001772484e-02,1.800000000000e+00
2.583010772484e-02,1.800000000000e+00
2.583011772484e-02,0.000000000000e+00
2.583955380289e-02,0.000000000000e+00
2.583956380289e-02,1.800000000000e+00
2.583965380289e-02,1.800000000000e+00
2.583966380289e-02,0.000000000000e+00
2.587154732208e-02,0.000000000000e+00
2.587155732208e-02,1.800000000000e+00
2.587164732208e-02,1.800000000000e+00
2.587165732208e-02,0.000000000000e+00
2.593472944909e-02,0.000000000000e+00
2.593473944909e-02,1.800000000000e+00
2.593482944909e-02,1.800000000000e+00
2.593483944909e-02,0.000000000000e+00
2.605219851965e-02,0.000000000000e+00
2.605220851965e-02,1.800000000000e+00
2.605229851965e-02,1.800000000000e+00
2.605230851965e-02,0.000000000000e+00
2.610829938511e-02,0.000000000000e+00
2.610830938511e-02,1.800000000000e+00
2.610839938511e-02,1.800000000000e+00
2.610840938511e-02,0.000000000000e+00
2.614959053391e-02,0.000000000000e+00
2.614960053391e-02,1.800000000000e+00
2.614969053391e-02,1.800000000000e+00
2.614970053391e-02,0.000000000000e+00
2.616255589552e-02,0.000000000000e+00
2.616256589552e-02,1.800000000000e+00
2.616265589552e-02,1.800000000000e+00
2.616266589552e-02,0.000000000000e+00
2.620849612031e-02,0.000000000000e+00
2.620850612031e-02,1.800000000000e+00
2.620859612031e-02,1.800000000000e+00
2.620860612031e-02,0.000000000000e+00
2.655355230292e-02,0.000000000000e+00
2.655356230292e-02,1.800000000000e+00
2.655365230292e-02,1.800000000000e+00
2.655366230292e-02,0.000000000000e+00
2.661592988511e-02,0.000000000000e+00
2.661593988511e-02,1.800000000000e+00
2.661602988511e-02,1.800000000000e+00
2.661603988511e-02,0.000000000000e+00
2.676763929823e-02,0.000000000000e+00
2.676764929823e-02,1.800000000000e+00
2.676773929823e-02,1.800000000000e+00
2.676774929823e-02,0.000000000000e+00
2.704272323968e-02,0.000000000000e+00
2.704273323968e-02,1.800000000000e+00
2.704282323968e-02,1.800000000000e+00
2.704283323968e-02,0.000000000000e+00
2.710498454051e-02,0.000000000000e+00
2.710499454051e-02,1.800000000000e+00
2.710508454051e-02,1.800000000000e+00
2.710509454051e-02,0.000000000000e+00
2.715046727477e-02,0.000000000000e+00
2.715047727477e-02,1.800000000000e+00
2.715056727477e-02,1.800000000000e+00
2.715057727477e-02,0.000000000000e+00
2.715637284255e-02,0.000000000000e+00
2.715638284255e-02,1.800000000000e+00
2.715647284255e-02,1.800000000000e+00
2.715648284255e-02,0.000000000000e+00
2.721687425709e-02,0.000000000000e+00
2.721688425709e-02,1.800000000000e+00
2.721697425709e-02,1.800000000000e+00
2.721698425709e-02,0.000000000000e+00
2.730190931528e-02,0.000000000000e+00
2.730191931528e-02,1.800000000000e+00
2.730200931528e-02,1.800000000000e+00
2.730201931528e-02,0.000000000000e+00
2.745118577391e-02,0.000000000000e+00
2.745119577391e-02,1.800000000000e+00
2.745128577391e-02,1.800000000000e+00
2.745129577391e-02,0.000000000000e+00
2.747998891854e-02,0.000000000000e+00
2.747999891854e-02,1.800000000000e+00
2.748008891854e-02,1.800000000000e+00
2.748009891854e-02,0.000000000000e+00
2.753480030035e-02,0.000000000000e+00
2.753481030035e-02,1.800000000000e+00
2.753490030035e-02,1.800000000000e+00
2.753491030035e-02,0.000000000000e+00
2.759499919094e-02,0.000000000000e+00
2.759500919094e-02,1.800000000000e+00
2.759509919094e-02,1.800000000000e+00
2.759510919094e-02,0.000000000000e+00
2.763760741856e-02,0.000000000000e+00
2.763761741856e-02,1.800000000000e+00
2.763770741856e-02,1.800000000000e+00
2.763771741856e-02,0.000000000000e+00
2.764953932460e-02,0.000000000000e+00
2.764954932460e-02,1.800000000000e+00
2.764963932460e-02,1.800000000000e+00
2.764964932460e-02,0.000000000000e+00
2.793547743763e-02,0.000000000000e+00
2.793548743763e-02,1.800000000000e+00
2.793557743763e-02,1.800000000000e+00
2.793558743763e-02,0.000000000000e+00
2.812058348933e-02,0.000000000000e+00
2.812059348933e-02,1.800000000000e+00
2.812068348933e-02,1.800000000000e+00
2.812069348933e-02,0.000000000000e+00
2.814441443273e-02,0.000000000000e+00
2.814442443273e-02,1.800000000000e+00
2.814451443273e-02,1.800000000000e+00
2.814452443273e-02,0.000000000000e+00
2.814600993790e-02,0.000000000000e+00
2.814601993790e-02,1.800000000000e+00
2.814610993790e-02,1.800000000000e+00
2.814611993790e-02,0.000000000000e+00
2.841555081423e-02,0.000000000000e+00
2.841556081423e-02,1.800000000000e+00
2.841565081423e-02,1.800000000000e+00
2.841566081423e-02,0.000000000000e+00
2.843839102972e-02,0.000000000000e+00
2.843840102972e-02,1.800000000000e+00
2.843849102972e-02,1.800000000000e+00
2.843850102972e-02,0.000000000000e+00
2.853354696871e-02,0.000000000000e+00
2.853355696871e-02,1.800000000000e+00
2.853364696871e-02,1.800000000000e+00
2.853365696871e-02,0.000000000000e+00
2.855692959724e-02,0.000000000000e+00
2.855693959724e-02,1.800000000000e+00
2.855702959724e-02,1.800000000000e+00
2.855703959724e-02,0.000000000000e+00
2.870380025911e-02,0.000000000000e+00
2.870381025911e-02,1.800000000000e+00
2.870390025911e-02,1.800000000000e+00
2.870391025911e-02,0.000000000000e+00
2.898354544562e-02,0.000000000000e+00
2.898355544562e-02,1.800000000000e+00
2.898364544562e-02,1.800000000000e+00
2.898365544562e-02,0.000000000000e+00
2.898569232140e-02,0.000000000000e+00
2.898570232140e-02,1.800000000000e+00
2.898579232140e-02,1.800000000000e+00
2.898580232140e-02,0.000000000000e+00
2.919786314139e-02,0.000000000000e+00
2.919787314139e-02,1.800000000000e+00
2.919796314139e-02,1.800000000000e+00
2.919797314139e-02,0.000000000000e+00
2.946955332115e-02,0.000000000000e+00
2.946956332115e-02,1.800000000000e+00
2.946965332115e-02,1.800000000000e+00
2.946966332115e-02,0.000000000000e+00
2.954723269713e-02,0.000000000000e+00
2.954724269713e-02,1.800000000000e+00
2.954733269713e-02,1.800000000000e+00
2.954734269713e-02,0.000000000000e+00
2.972246830607e-02,0.000000000000e+00
2.972247830607e-02,1.800000000000e+00
2.972256830607e-02,1.800000000000e+00
2.972257830607e-02,0.000000000000e+00
2.981860266005e-02,0.000000000000e+00
2.981861266005e-02,1.800000000000e+00
2.981870266005e-02,1.800000000000e+00
2.981871266005e-02,0.000000000000e+00
2.984871621073e-02,0.000000000000e+00
2.984872621073e-02,1.800000000000e+00
2.984881621073e-02,1.800000000000e+00
2.984882621073e-02,0.000000000000e+00
2.985988214622e-02,0.000000000000e+00
2.985989214622e-02,1.800000000000e+00
2.985998214622e-02,1.800000000000e+00
2.985999214622e-02,0.000000000000e+00
2.996365084049e-02,0.000000000000e+00
2.996366084049e-02,1.800000000000e+00
2.996375084049e-02,1.800000000000e+00
2.996376084049e-02,0.000000000000e+00
3.005060124488e-02,0.000000000000e+00
3.005061124488e-02,1.800000000000e+00
3.005070124488e-02,1.800000000000e+00
3.005071124488e-02,0.000000000000e+00
3.032787015889e-02,0.000000000000e+00
3.032788015889e-02,1.800000000000e+00
3.032797015889e-02,1.800000000000e+00
3.032798015889e-02,0.000000000000e+00
3.037985595730e-02,0.000000000000e+00
3.037986595730e-02,1.800000000000e+00
3.037995595730e-02,1.800000000000e+00
3.037996595730e-02,0.000000000000e+00
3.041612689082e-02,0.000000000000e+00
3.041613689082e-02,1.800000000000e+00
3.041622689082e-02,1.800000000000e+00
3.041623689082e-02,0.000000000000e+00
3.050896621088e-02,0.000000000000e+00
3.050897621088e-02,1.800000000000e+00
3.050906621088e-02,1.800000000000e+00
3.050907621088e-02,0.000000000000e+00
3.053976230855e-02,0.000000000000e+00
3.053977230855e-02,1.800000000000e+00
3.053986230855e-02,1.800000000000e+00
3.053987230855e-02,0.000000000000e+00
3.061479980022e-02,0.000000000000e+00
3.061480980022e-02,1.800000000000e+00
3.061489980022e-02,1.800000000000e+00
3.061490980022e-02,0.000000000000e+00
3.063914356940e-02,0.000000000000e+00
3.063915356940e-02,1.800000000000e+00
3.063924356940e-02,1.800000000000e+00
3.063925356940e-02,0.000000000000e+00
3.074043588669e-02,0.000000000000e+00
3.074044588669e-02,1.800000000000e+00
3.074053588669e-02,1.800000000000e+00
3.074054588669e-02,0.000000000000e+00
3.079479043727e-02,0.000000000000e+00
3.079480043727e-02,1.800000000000e+00
3.079489043727e-02,1.800000000000e+00
3.079490043727e-02,0.000000000000e+00
3.083312715535e-02,0.000000000000e+00
3.083313715535e-02,1.800000000000e+00
3.083322715535e-02,1.800000000000e+00
3.083323715535e-02,0.000000000000e+00
3.089272929797e-02,0.000000000000e+00
3.089273929797e-02,1.800000000000e+00
3.089282929797e-02,1.800000000000e+00
3.089283929797e-02,0.000000000000e+00
3.091607837502e-02,0.000000000000e+00
3.091608837502e-02,1.800000000000e+00
3.091617837502e-02,1.800000000000e+00
3.091618837502e-02,0.000000000000e+00
3.093907331834e-02,0.000000000000e+00
3.093908331834e-02,1.800000000000e+00
3.093917331834e-02,1.800000000000e+00
3.093918331834e-02,0.000000000000e+00
3.115412661976e-02,0.000000000000e+00
3.115413661976e-02,1.800000000000e+00
3.115422661976e-02,1.800000000000e+00
3.115423661976e-02,0.000000000000e+00
3.134129810876e-02,0.000000000000e+00
3.134130810876e-02,1.800000000000e+00
3.134139810876e-02,1.800000000000e+00
3.134140810876e-02,0.000000000000e+00
3.137623690712e-02,0.000000000000e+00
3.137624690712e-02,1.800000000000e+00
3.137633690712e-02,1.800000000000e+00
3.137634690712e-02,0.000000000000e+00
3.138082587174e-02,0.000000000000e+00
3.138083587174e-02,1.800000000000e+00
3.138092587174e-02,1.800000000000e+00
3.138093587174e-02,0.000000000000e+00
3.158616161474e-02,0.000000000000e+00
3.158617161474e-02,1.800000000000e+00
3.158626161474e-02,1.800000000000e+00
3.158627161474e-02,0.000000000000e+00
3.160043794069e-02,0.000000000000e+00
3.160044794069e-02,1.800000000000e+00
3.160053794069e-02,1.800000000000e+00
3.160054794069e-02,0.000000000000e+00
3.163697896479e-02,0.000000000000e+00
3.163698896479e-02,1.800000000000e+00
3.163707896479e-02,1.800000000000e+00
3.163708896479e-02,0.000000000000e+00
3.166745540905e-02,0.000000000000e+00
3.166746540905e-02,1.800000000000e+00
3.166755540905e-02,1.800000000000e+00
3.166756540905e-02,0.000000000000e+00
3.181473388145e-02,0.000000000000e+00
3.181474388145e-02,1.800000000000e+00
3.181483388145e-02,1.800000000000e+00
3.181484388145e-02,0.000000000000e+00
3.181644266036e-02,0.000000000000e+00
3.181645266036e-02,1.800000000000e+00
3.181654266036e-02,1.800000000000e+00
3.181655266036e-02,0.000000000000e+00
3.182467725475e-02,0.000000000000e+00
3.182468725475e-02,1.800000000000e+00
3.182477725475e-02,1.800000000000e+00
3.182478725475e-02,0.000000000000e+00
3.188001935892e-02,0.000000000000e+00
3.188002935892e-02,1.800000000000e+00
3.188011935892e-02,1.800000000000e+00
3.188012935892e-02,0.000000000000e+00
3.198868260950e-02,0.000000000000e+00
3.198869260950e-02,1.800000000000e+00
3.198878260950e-02,1.800000000000e+00
3.198879260950e-02,0.000000000000e+00
3.207620192719e-02,0.000000000000e+00
3.207621192719e-02,1.800000000000e+00
3.207630192719e-02,1.800000000000e+00
3.207631192719e-02,0.000000000000e+00
3.215101363836e-02,0.000000000000e+00
3.215102363836e-02,1.800000000000e+00
3.215111363836e-02,1.800000000000e+00
3.215112363836e-02,0.000000000000e+00
3.248865327051e-02,0.000000000000e+00
3.248866327051e-02,1.800000000000e+00
3.248875327051e-02,1.800000000000e+00
3.248876327051e-02,0.000000000000e+00
3.316864037437e-02,0.000000000000e+00
3.316865037437e-02,1.800000000000e+00
3.316874037437e-02,1.800000000000e+00
3.316875037437e-02,0.000000000000e+00
3.321342702772e-02,0.000000000000e+00
3.321343702772e-02,1.800000000000e+00
3.321352702772e-02,1.800000000000e+00
3.321353702772e-02,0.000000000000e+00
3.330500395059e-02,0.000000000000e+00
3.330501395059e-02,1.800000000000e+00
3.330510395059e-02,1.800000000000e+00
3.330511395059e-02,0.000000000000e+00
3.335544532823e-02,0.000000000000e+00
3.335545532823e-02,1.800000000000e+00
3.335554532823e-02,1.800000000000e+00
3.335555532823e-02,0.000000000000e+00
3.346386826234e-02,0.000000000000e+00
3.346387826234e-02,1.800000000000e+00
3.346396826234e-02,1.800000000000e+00
3.346397826234e-02,0.000000000000e+00
3.350060917736e-02,0.000000000000e+00
3.350061917736e-02,1.800000000000e+00
3.350070917736e-02,1.800000000000e+00
3.350071917736e-02,0.000000000000e+00
3.354868544597e-02,0.000000000000e+00
3.354869544597e-02,1.800000000000e+00
3.354878544597e-02,1.800000000000e+00
3.354879544597e-02,0.000000000000e+00
3.356508997381e-02,0.000000000000e+00
3.356509997381e-02,1.800000000000e+00
3.356518997381e-02,1.800000000000e+00
3.356519997381e-02,0.000000000000e+00
3.358003641679e-02,0.000000000000e+00
3.358004641679e-02,1.800000000000e+00
3.358013641679e-02,1.800000000000e+00
3.358014641679e-02,0.000000000000e+00
3.376363311910e-02,0.000000000000e+00
3.376364311910e-02,1.800000000000e+00
3.376373311910e-02,1.800000000000e+00
3.376374311910e-02,0.000000000000e+00
3.378475957285e-02,0.000000000000e+00
3.378476957285e-02,1.800000000000e+00
3.378485957285e-02,1.800000000000e+00
3.378486957285e-02,0.000000000000e+00
3.383181075325e-02,0.000000000000e+00
3.383182075325e-02,1.800000000000e+00
3.383191075325e-02,1.800000000000e+00
3.383192075325e-02,0.000000000000e+00
3.385482222198e-02,0.000000000000e+00
3.385483222198e-02,1.800000000000e+00
3.385492222198e-02,1.800000000000e+00
3.385493222198e-02,0.000000000000e+00
3.400649203797e-02,0.000000000000e+00
3.400650203797e-02,1.800000000000e+00
3.400659203797e-02,1.800000000000e+00
3.400660203797e-02,0.000000000000e+00
3.408531883031e-02,0.000000000000e+00
3.408532883031e-02,1.800000000000e+00
3.408541883031e-02,1.800000000000e+00
3.408542883031e-02,0.000000000000e+00
3.429947179749e-02,0.000000000000e+00
3.429948179749e-02,1.800000000000e+00
3.429957179749e-02,1.800000000000e+00
3.429958179749e-02,0.000000000000e+00
3.433191743264e-02,0.000000000000e+00
3.433192743264e-02,1.800000000000e+00
3.433201743264e-02,1.800000000000e+00
3.433202743264e-02,0.000000000000e+00
3.464727264638e-02,0.000000000000e+00
3.464728264638e-02,1.800000000000e+00
3.464737264638e-02,1.800000000000e+00
3.464738264638e-02,0.000000000000e+00
3.464752650039e-02,0.000000000000e+00
3.464753650039e-02,1.800000000000e+00
3.464762650039e-02,1.800000000000e+00
3.464763650039e-02,0.000000000000e+00
3.492810922127e-02,0.000000000000e+00
3.492811922127e-02,1.800000000000e+00
3.492820922127e-02,1.800000000000e+00
3.492821922127e-02,0.000000000000e+00
3.493997617955e-02,0.000000000000e+00
3.493998617955e-02,1.800000000000e+00
3.494007617955e-02,1.800000000000e+00
3.494008617955e-02,0.000000000000e+00
3.505189774522e-02,0.000000000000e+00
3.505190774522e-02,1.800000000000e+00
3.505199774522e-02,1.800000000000e+00
3.505200774522e-02,0.000000000000e+00
3.514401877973e-02,0.000000000000e+00
3.514402877973e-02,1.800000000000e+00
3.514411877973e-02,1.800000000000e+00
3.514412877973e-02,0.000000000000e+00
3.521378171253e-02,0.000000000000e+00
3.521379171253e-02,1.800000000000e+00
3.521388171253e-02,1.800000000000e+00
3.521389171253e-02,0.000000000000e+00
3.527392795537e-02,0.000000000000e+00
3.527393795537e-02,1.800000000000e+00
3.527402795537e-02,1.800000000000e+00
3.527403795537e-02,0.000000000000e+00
3.547633212671e-02,0.000000000000e+00
3.547634212671e-02,1.800000000000e+00
3.547643212671e-02,1.800000000000e+00
3.547644212671e-02,0.000000000000e+00
3.589821319401e-02,0.000000000000e+00
3.589822319401e-02,1.800000000000e+00
3.589831319401e-02,1.800000000000e+00
3.589832319401e-02,0.000000000000e+00
3.591989821555e-02,0.000000000000e+00
3.591990821555e-02,1.800000000000e+00
3.591999821555e-02,1.800000000000e+00
3.592000821555e-02,0.000000000000e+00
3.616985352640e-02,0.000000000000e+00
3.616986352640e-02,1.800000000000e+00
3.616995352640e-02,1.800000000000e+00
3.616996352640e-02,0.000000000000e+00
3.629841989066e-02,0.000000000000e+00
3.629842989066e-02,1.800000000000e+00
3.629851989066e-02,1.800000000000e+00
3.629852989066e-02,0.000000000000e+00
3.641228255334e-02,0.000000000000e+00
3.641229255334e-02,1.800000000000e+00
3.641238255334e-02,1.800000000000e+00
3.641239255334e-02,0.000000000000e+00
3.644558326756e-02,0.000000000000e+00
3.644559326756e-02,1.800000000000e+00
3.644568326756e-02,1.800000000000e+00
3.644569326756e-02,0.000000000000e+00
3.677334434045e-02,0.000000000000e+00
3.677335434045e-02,1.800000000000e+00
3.677344434045e-02,1.800000000000e+00
3.677345434046e-02,0.000000000000e+00
3.694688243426e-02,0.000000000000e+00
3.694689243426e-02,1.800000000000e+00
3.694698243426e-02,1.800000000000e+00
3.694699243426e-02,0.000000000000e+00
3.725422114649e-02,0.000000000000e+00
3.725423114649e-02,1.800000000000e+00
3.725432114649e-02,1.800000000000e+00
3.725433114649e-02,0.000000000000e+00
3.745909399377e-02,0.000000000000e+00
3.745910399377e-02,1.800000000000e+00
3.745919399377e-02,1.800000000000e+00
3.745920399377e-02,0.000000000000e+00
3.751316778724e-02,0.000000000000e+00
3.751317778724e-02,1.800000000000e+00
3.751326778724e-02,1.800000000000e+00
3.751327778724e-02,0.000000000000e+00
3.753251905712e-02,0.000000000000e+00
3.753252905712e-02,1.800000000000e+00
3.753261905712e-02,1.800000000000e+00
3.753262905712e-02,0.000000000000e+00
3.753866311376e-02,0.000000000000e+00
3.753867311376e-02,1.800000000000e+00
3.753876311376e-02,1.800000000000e+00
3.753877311376e-02,0.000000000000e+00
3.758862632125e-02,0.000000000000e+00
3.758863632125e-02,1.800000000000e+00
3.758872632125e-02,1.800000000000e+00
3.758873632125e-02,0.000000000000e+00
3.765888599901e-02,0.000000000000e+00
3.765889599901e-02,1.800000000000e+00
3.765898599901e-02,1.800000000000e+00
3.765899599901e-02,0.000000000000e+00
3.777197655664e-02,0.000000000000e+00
3.777198655664e-02,1.800000000000e+00
3.777207655664e-02,1.800000000000e+00
3.777208655664e-02,0.000000000000e+00
3.795038193129e-02,0.000000000000e+00
3.795039193129e-02,1.800000000000e+00
3.795048193129e-02,1.800000000000e+00
3.795049193129e-02,0.000000000000e+00
3.808702300993e-02,0.000000000000e+00
3.808703300993e-02,1.800000000000e+00
3.808712300993e-02,1.800000000000e+00
3.808713300993e-02,0.000000000000e+00
3.815271616468e-02,0.000000000000e+00
3.815272616468e-02,1.800000000000e+00
3.815281616468e-02,1.800000000000e+00
3.815282616468e-02,0.000000000000e+00
3.819170704540e-02,0.000000000000e+00
3.819171704540e-02,1.800000000000e+00
3.819180704540e-02,1.800000000000e+00
3.819181704540e-02,0.000000000000e+00
3.821686765554e-02,0.000000000000e+00
3.821687765554e-02,1.800000000000e+00
3.821696765554e-02,1.800000000000e+00
3.821697765554e-02,0.000000000000e+00
3.831866841872e-02,0.000000000000e+00
3.831867841872e-02,1.800000000000e+00
3.831876841872e-02,1.800000000000e+00
3.831877841872e-02,0.000000000000e+00
3.843097158351e-02,0.000000000000e+00
3.843098158351e-02,1.800000000000e+00
3.843107158351e-02,1.800000000000e+00
3.843108158351e-02,0.000000000000e+00
3.856154228152e-02,0.000000000000e+00
3.856155228152e-02,1.800000000000e+00
3.856164228152e-02,1.800000000000e+00
3.856165228152e-02,0.000000000000e+00
3.863237701777e-02,0.000000000000e+00
3.863238701777e-02,1.800000000000e+00
3.863247701777e-02,1.800000000000e+00
3.863248701777e-02,0.000000000000e+00
3.872095161822e-02,0.000000000000e+00
3.872096161822e-02,1.800000000000e+00
3.872105161822e-02,1.800000000000e+00
3.872106161822e-02,0.000000000000e+00
3.872562392433e-02,0.000000000000e+00
3.872563392433e-02,1.800000000000e+00
3.872572392433e-02,1.800000000000e+00
3.872573392433e-02,0.000000000000e+00
3.874348774843e-02,0.000000000000e+00
3.874349774843e-02,1.800000000000e+00
3.874358774843e-02,1.800000000000e+00
3.874359774843e-02,0.000000000000e+00
3.877184321326e-02,0.000000000000e+00
3.877185321326e-02,1.800000000000e+00
3.877194321326e-02,1.800000000000e+00
3.877195321326e-02,0.000000000000e+00
3.878678130047e-02,0.000000000000e+00
3.878679130047e-02,1.800000000000e+00
3.878688130047e-02,1.800000000000e+00
3.878689130047e-02,0.000000000000e+00
3.888871564625e-02,0.000000000000e+00
3.888872564625e-02,1.800000000000e+00
3.888881564625e-02,1.800000000000e+00
3.888882564625e-02,0.000000000000e+00
3.907110068423e-02,0.000000000000e+00
3.907111068423e-02,1.800000000000e+00
3.907120068423e-02,1.800000000000e+00
3.907121068423e-02,0.000000000000e+00
3.915250036761e-02,0.000000000000e+00
3.915251036761e-02,1.800000000000e+00
3.915260036761e-02,1.800000000000e+00
3.915261036761e-02,0.000000000000e+00
3.922548848039e-02,0.000000000000e+00
3.922549848039e-02,1.800000000000e+00
3.922558848039e-02,1.800000000000e+00
3.922559848039e-02,0.000000000000e+00
3.930869101372e-02,0.000000000000e+00
3.930870101372e-02,1.800000000000e+00
3.930879101372e-02,1.800000000000e+00
3.930880101372e-02,0.000000000000e+00
3.933078369897e-02,0.000000000000e+00
3.933079369897e-02,1.800000000000e+00
3.933088369897e-02,1.800000000000e+00
3.933089369897e-02,0.000000000000e+00
3.934836129044e-02,0.000000000000e+00
3.934837129044e-02,1.800000000000e+00
3.934846129044e-02,1.800000000000e+00
3.934847129044e-02,0.000000000000e+00
3.945907771615e-02,0.000000000000e+00
3.945908771615e-02,1.800000000000e+00
3.945917771615e-02,1.800000000000e+00
3.945918771615e-02,0.000000000000e+00
3.954034137075e-02,0.000000000000e+00
3.954035137075e-02,1.800000000000e+00
3.954044137075e-02,1.800000000000e+00
3.954045137075e-02,0.000000000000e+00
3.955001909202e-02,0.000000000000e+00
3.955002909202e-02,1.800000000000e+00
3.955011909202e-02,1.800000000000e+00
3.955012909202e-02,0.000000000000e+00
3.959715329950e-02,0.000000000000e+00
3.959716329950e-02,1.800000000000e+00
3.959725329950e-02,1.800000000000e+00
3.959726329950e-02,0.000000000000e+00
3.966234399035e-02,0.000000000000e+00
3.966235399035e-02,1.800000000000e+00
3.966244399035e-02,1.800000000000e+00
3.966245399035e-02,0.000000000000e+00
3.981732417028e-02,0.000000000000e+00
3.981733417028e-02,1.800000000000e+00
3.981742417028e-02,1.800000000000e+00
3.981743417028e-02,0.000000000000e+00
3.989859003761e-02,0.000000000000e+00
3.989860003761e-02,1.800000000000e+00
3.989869003761e-02,1.800000000000e+00
3.989870003761e-02,0.000000000000e+00
3.994996389541e-02,0.000000000000e+00
3.994997389541e-02,1.800000000000e+00
3.995006389541e-02,1.800000000000e+00
3.995007389541e-02,0.000000000000e+00
3.999905517556e-02,0.000000000000e+00
3.999906517556e-02,1.800000000000e+00
3.999915517556e-02,1.800000000000e+00
3.999916517556e-02,0.000000000000e+00
4.000509699271e-02,0.000000000000e+00
4.000510699271e-02,1.800000000000e+00
4.000519699271e-02,1.800000000000e+00
4.000520699271e-02,0.000000000000e+00
4.031605305818e-02,0.000000000000e+00
4.031606305818e-02,1.800000000000e+00
4.031615305818e-02,1.800000000000e+00
4.031616305818e-02,0.000000000000e+00
4.037044052952e-02,0.000000000000e+00
4.037045052952e-02,1.800000000000e+00
4.037054052952e-02,1.800000000000e+00
4.037055052952e-02,0.000000000000e+00
4.049902379099e-02,0.000000000000e+00
4.049903379099e-02,1.800000000000e+00
4.049912379099e-02,1.800000000000e+00
4.049913379099e-02,0.000000000000e+00
4.069560489043e-02,0.000000000000e+00
4.069561489043e-02,1.800000000000e+00
4.069570489043e-02,1.800000000000e+00
4.069571489043e-02,0.000000000000e+00
4.103488954035e-02,0.000000000000e+00
4.103489954035e-02,1.800000000000e+00
4.103498954035e-02,1.800000000000e+00
4.103499954035e-02,0.000000000000e+00
4.104769402447e-02,0.000000000000e+00
4.104770402447e-02,1.800000000000e+00
4.104779402447e-02,1.800000000000e+00
4.104780402447e-02,0.000000000000e+00
4.110659208525e-02,0.000000000000e+00
4.110660208525e-02,1.800000000000e+00
4.110669208525e-02,1.800000000000e+00
4.110670208525e-02,0.000000000000e+00
4.116222835920e-02,0.000000000000e+00
4.116223835920e-02,1.800000000000e+00
4.116232835920e-02,1.800000000000e+00
4.116233835920e-02,0.000000000000e+00
4.116882670176e-02,0.000000000000e+00
4.116883670176e-02,1.800000000000e+00
4.116892670176e-02,1.800000000000e+00
4.116893670176e-02,0.000000000000e+00
4.119479001603e-02,0.000000000000e+00
4.119480001603e-02,1.800000000000e+00
4.119489001603e-02,1.800000000000e+00
4.119490001603e-02,0.000000000000e+00
4.130727274984e-02,0.000000000000e+00
4.130728274984e-02,1.800000000000e+00
4.130737274984e-02,1.800000000000e+00
4.130738274984e-02,0.000000000000e+00
4.143000418783e-02,0.000000000000e+00
4.143001418783e-02,1.800000000000e+00
4.143010418783e-02,1.800000000000e+00
4.143011418783e-02,0.000000000000e+00
4.143888343637e-02,0.000000000000e+00
4.143889343637e-02,1.800000000000e+00
4.143898343637e-02,1.800000000000e+00
4.143899343637e-02,0.000000000000e+00
4.144831478090e-02,0.000000000000e+00
4.144832478090e-02,1.800000000000e+00
4.144841478090e-02,1.800000000000e+00
4.144842478090e-02,0.000000000000e+00
4.157037086818e-02,0.000000000000e+00
4.157038086818e-02,1.800000000000e+00
4.157047086818e-02,1.800000000000e+00
4.157048086818e-02,0.000000000000e+00
4.166818736906e-02,0.000000000000e+00
4.166819736906e-02,1.800000000000e+00
4.166828736906e-02,1.800000000000e+00
4.166829736906e-02,0.000000000000e+00
4.174866715376e-02,0.000000000000e+00
4.174867715376e-02,1.800000000000e+00
4.174876715376e-02,1.800000000000e+00
4.174877715376e-02,0.000000000000e+00
4.184871697310e-02,0.000000000000e+00
4.184872697310e-02,1.800000000000e+00
4.184881697310e-02,1.800000000000e+00
4.184882697310e-02,0.000000000000e+00
4.185084182212e-02,0.000000000000e+00
4.185085182212e-02,1.800000000000e+00
4.185094182212e-02,1.800000000000e+00
4.185095182212e-02,0.000000000000e+00
4.191545886771e-02,0.000000000000e+00
4.191546886771e-02,1.800000000000e+00
4.191555886771e-02,1.800000000000e+00
4.191556886771e-02,0.000000000000e+00
4.207714706516e-02,0.000000000000e+00
4.207715706516e-02,1.800000000000e+00
4.207724706516e-02,1.800000000000e+00
4.207725706516e-02,0.000000000000e+00
4.236532399140e-02,0.000000000000e+00
4.236533399140e-02,1.800000000000e+00
4.236542399140e-02,1.800000000000e+00
4.236543399140e-02,0.000000000000e+00
4.251939361873e-02,0.000000000000e+00
4.251940361873e-02,1.800000000000e+00
4.251949361873e-02,1.800000000000e+00
4.251950361873e-02,0.000000000000e+00
4.260280876767e-02,0.000000000000e+00
4.260281876767e-02,1.800000000000e+00
4.260290876767e-02,1.800000000000e+00
4.260291876767e-02,0.000000000000e+00
4.266087029973e-02,0.000000000000e+00
4.266088029973e-02,1.800000000000e+00
4.266097029973e-02,1.800000000000e+00
4.266098029973e-02,0.000000000000e+00
4.279212236828e-02,0.000000000000e+00
4.279213236828e-02,1.800000000000e+00
4.279222236828e-02,1.800000000000e+00
4.279223236828e-02,0.000000000000e+00
4.280386580144e-02,0.000000000000e+00
4.280387580144e-02,1.800000000000e+00
4.280396580144e-02,1.800000000000e+00
4.280397580144e-02,0.000000000000e+00
4.284778548634e-02,0.000000000000e+00
4.284779548634e-02,1.800000000000e+00
4.284788548634e-02,1.800000000000e+00
4.284789548634e-02,0.000000000000e+00
4.285634488124e-02,0.000000000000e+00
4.285635488124e-02,1.800000000000e+00
4.285644488124e-02,1.800000000000e+00
4.285645488124e-02,0.000000000000e+00
4.291693278705e-02,0.000000000000e+00
4.291694278705e-02,1.800000000000e+00
4.291703278705e-02,1.800000000000e+00
4.291704278705e-02,0.000000000000e+00
4.295446282466e-02,0.000000000000e+00
4.295447282466e-02,1.800000000000e+00
4.295456282466e-02,1.800000000000e+00
4.295457282466e-02,0.000000000000e+00
4.300580216823e-02,0.000000000000e+00
4.300581216823e-02,1.800000000000e+00
4.300590216823e-02,1.800000000000e+00
4.300591216823e-02,0.000000000000e+00
4.312829841576e-02,0.000000000000e+00
4.312830841576e-02,1.800000000000e+00
4.312839841576e-02,1.800000000000e+00
4.312840841576e-02,0.000000000000e+00
4.316168544862e-02,0.000000000000e+00
4.316169544862e-02,1.800000000000e+00
4.316178544862e-02,1.800000000000e+00
4.316179544862e-02,0.000000000000e+00
4.317521308873e-02,0.000000000000e+00
4.317522308873e-02,1.800000000000e+00
4.317531308873e-02,1.800000000000e+00
4.317532308873e-02,0.000000000000e+00
4.318244990705e-02,0.000000000000e+00
4.318245990705e-02,1.800000000000e+00
4.318254990705e-02,1.800000000000e+00
4.318255990705e-02,0.000000000000e+00
4.322754664822e-02,0.000000000000e+00
4.322755664822e-02,1.800000000000e+00
4.322764664822e-02,1.800000000000e+00
4.322765664822e-02,0.000000000000e+00
4.324204090010e-02,0.000000000000e+00
4.324205090010e-02,1.800000000000e+00
4.324214090010e-02,1.800000000000e+00
4.324215090010e-02,0.000000000000e+00
4.325670920892e-02,0.000000000000e+00
4.325671920892e-02,1.800000000000e+00
4.325680920892e-02,1.800000000000e+00
4.325681920892e-02,0.000000000000e+00
4.340425808329e-02,0.000000000000e+00
4.340426808329e-02,1.800000000000e+00
4.340435808329e-02,1.800000000000e+00
4.340436808329e-02,0.000000000000e+00
4.348342047102e-02,0.000000000000e+00
4.348343047102e-02,1.800000000000e+00
4.348352047102e-02,1.800000000000e+00
4.348353047102e-02,0.000000000000e+00
4.354634714980e-02,0.000000000000e+00
4.354635714980e-02,1.800000000000e+00
4.354644714980e-02,1.800000000000e+00
4.354645714980e-02,0.000000000000e+00
4.355105547747e-02,0.000000000000e+00
4.355106547747e-02,1.800000000000e+00
4.355115547747e-02,1.800000000000e+00
4.355116547747e-02,0.000000000000e+00
4.359401002185e-02,0.000000000000e+00
4.359402002185e-02,1.800000000000e+00
4.359411002185e-02,1.800000000000e+00
4.359412002185e-02,0.000000000000e+00
4.360182466499e-02,0.000000000000e+00
4.360183466499e-02,1.800000000000e+00
4.360192466499e-02,1.800000000000e+00
4.360193466499e-02,0.000000000000e+00
4.364196619540e-02,0.000000000000e+00
4.364197619540e-02,1.800000000000e+00
4.364206619540e-02,1.800000000000e+00
4.364207619540e-02,0.000000000000e+00
4.371684419276e-02,0.000000000000e+00
4.371685419276e-02,1.800000000000e+00
4.371694419276e-02,1.800000000000e+00
4.371695419276e-02,0.000000000000e+00
4.374604362928e-02,0.000000000000e+00
4.374605362928e-02,1.800000000000e+00
4.374614362928e-02,1.800000000000e+00
4.374615362928e-02,0.000000000000e+00
4.398324460979e-02,0.000000000000e+00
4.398325460979e-02,1.800000000000e+00
4.398334460979e-02,1.800000000000e+00
4.398335460979e-02,0.000000000000e+00
4.402209586260e-02,0.000000000000e+00
4.402210586260e-02,1.800000000000e+00
4.402219586260e-02,1.800000000000e+00
4.402220586260e-02,0.000000000000e+00
4.403515899370e-02,0.000000000000e+00
4.403516899370e-02,1.800000000000e+00
4.403525899370e-02,1.800000000000e+00
4.403526899370e-02,0.000000000000e+00
4.414775590633e-02,0.000000000000e+00
4.414776590633e-02,1.800000000000e+00
4.414785590633e-02,1.800000000000e+00
4.414786590633e-02,0.000000000000e+00
4.417738820710e-02,0.000000000000e+00
4.417739820710e-02,1.800000000000e+00
4.417748820710e-02,1.800000000000e+00
4.417749820710e-02,0.000000000000e+00
4.434069208089e-02,0.000000000000e+00
4.434070208089e-02,1.800000000000e+00
4.434079208089e-02,1.800000000000e+00
4.434080208089e-02,0.000000000000e+00
4.451061671180e-02,0.000000000000e+00
4.451062671180e-02,1.800000000000e+00
4.451071671180e-02,1.800000000000e+00
4.451072671180e-02,0.000000000000e+00
4.452565174049e-02,0.000000000000e+00
4.452566174049e-02,1.800000000000e+00
4.452575174049e-02,1.800000000000e+00
4.452576174049e-02,0.000000000000e+00
4.479052700236e-02,0.000000000000e+00
4.479053700236e-02,1.800000000000e+00
4.479062700236e-02,1.800000000000e+00
4.479063700236e-02,0.000000000000e+00
4.483017574579e-02,0.000000000000e+00
4.483018574579e-02,1.800000000000e+00
4.483027574579e-02,1.800000000000e+00
4.483028574579e-02,0.000000000000e+00
4.498131787221e-02,0.000000000000e+00
4.498132787221e-02,1.800000000000e+00
4.498141787221e-02,1.800000000000e+00
4.498142787221e-02,0.000000000000e+00
4.499138549183e-02,0.000000000000e+00
4.499139549183e-02,1.800000000000e+00
4.499148549183e-02,1.800000000000e+00
4.499149549183e-02,0.000000000000e+00
4.505603702539e-02,0.000000000000e+00
4.505604702539e-02,1.800000000000e+00
4.505613702539e-02,1.800000000000e+00
4.505614702539e-02,0.000000000000e+00
4.506121556764e-02,0.000000000000e+00
4.506122556764e-02,1.800000000000e+00
4.506131556764e-02,1.800000000000e+00
4.506132556764e-02,0.000000000000e+00
4.507179574429e-02,0.000000000000e+00
4.507180574429e-02,1.800000000000e+00
4.507189574429e-02,1.800000000000e+00
4.507190574429e-02,0.000000000000e+00
4.509086115282e-02,0.000000000000e+00
4.509087115282e-02,1.800000000000e+00
4.509096115282e-02,1.800000000000e+00
4.509097115282e-02,0.000000000000e+00
4.530315409971e-02,0.000000000000e+00
4.530316409971e-02,1.800000000000e+00
4.530325409971e-02,1.800000000000e+00
4.530326409971e-02,0.000000000000e+00
4.532126021439e-02,0.000000000000e+00
4.532127021439e-02,1.800000000000e+00
4.532136021439e-02,1.800000000000e+00
4.532137021439e-02,0.000000000000e+00
4.534243372699e-02,0.000000000000e+00
4.534244372699e-02,1.800000000000e+00
4.534253372699e-02,1.800000000000e+00
4.534254372699e-02,0.000000000000e+00
4.538802960904e-02,0.000000000000e+00
4.538803960904e-02,1.800000000000e+00
4.538812960904e-02,1.800000000000e+00
4.538813960904e-02,0.000000000000e+00
4.543943760422e-02,0.000000000000e+00
4.543944760422e-02,1.800000000000e+00
4.543953760422e-02,1.800000000000e+00
4.543954760422e-02,0.000000000000e+00
4.544288325357e-02,0.000000000000e+00
4.544289325357e-02,1.800000000000e+00
4.544298325357e-02,1.800000000000e+00
4.544299325357e-02,0.000000000000e+00
4.586100261003e-02,0.000000000000e+00
4.586101261003e-02,1.800000000000e+00
4.586110261003e-02,1.800000000000e+00
4.586111261003e-02,0.000000000000e+00
4.591180033722e-02,0.000000000000e+00
4.591181033722e-02,1.800000000000e+00
4.591190033722e-02,1.800000000000e+00
4.591191033722e-02,0.000000000000e+00
4.603151674933e-02,0.000000000000e+00
4.603152674933e-02,1.800000000000e+00
4.603161674933e-02,1.800000000000e+00
4.603162674933e-02,0.000000000000e+00
4.612340040069e-02,0.000000000000e+00
4.612341040069e-02,1.800000000000e+00
4.612350040069e-02,1.800000000000e+00
4.612351040069e-02,0.000000000000e+00
4.621190935749e-02,0.000000000000e+00
4.621191935749e-02,1.800000000000e+00
4.621200935749e-02,1.800000000000e+00
4.621201935749e-02,0.000000000000e+00
4.621815678747e-02,0.000000000000e+00
4.621816678747e-02,1.800000000000e+00
4.621825678747e-02,1.800000000000e+00
4.621826678747e-02,0.000000000000e+00
4.622018691437e-02,0.000000000000e+00
4.622019691437e-02,1.800000000000e+00
4.622028691437e-02,1.800000000000e+00
4.622029691437e-02,0.000000000000e+00
4.624427106575e-02,0.000000000000e+00
4.624428106575e-02,1.800000000000e+00
4.624437106575e-02,1.800000000000e+00
4.624438106575e-02,0.000000000000e+00
4.625323229469e-02,0.000000000000e+00
4.625324229469e-02,1.800000000000e+00
4.625333229469e-02,1.800000000000e+00
4.625334229469e-02,0.000000000000e+00
4.627398852221e-02,0.000000000000e+00
4.627399852221e-02,1.800000000000e+00
4.627408852221e-02,1.800000000000e+00
4.627409852221e-02,0.000000000000e+00
4.628272782611e-02,0.000000000000e+00
4.628273782611e-02,1.800000000000e+00
4.628282782611e-02,1.800000000000e+00
4.628283782611e-02,0.000000000000e+00
4.632993876508e-02,0.000000000000e+00
4.632994876508e-02,1.800000000000e+00
4.633003876508e-02,1.800000000000e+00
4.633004876508e-02,0.000000000000e+00
4.644981570832e-02,0.000000000000e+00
4.644982570832e-02,1.800000000000e+00
4.644991570832e-02,1.800000000000e+00
4.644992570832e-02,0.000000000000e+00
4.657065257524e-02,0.000000000000e+00
4.657066257524e-02,1.800000000000e+00
4.657075257524e-02,1.800000000000e+00
4.657076257524e-02,0.000000000000e+00
4.658688707852e-02,0.000000000000e+00
4.658689707852e-02,1.800000000000e+00
4.658698707852e-02,1.800000000000e+00
4.658699707852e-02,0.000000000000e+00
4.659857204279e-02,0.000000000000e+00
4.659858204279e-02,1.800000000000e+00
4.659867204279e-02,1.800000000000e+00
4.659868204279e-02,0.000000000000e+00
4.666948966547e-02,0.000000000000e+00
4.666949966547e-02,1.800000000000e+00
4.666958966547e-02,1.800000000000e+00
4.666959966547e-02,0.000000000000e+00
4.672227674522e-02,0.000000000000e+00
4.672228674522e-02,1.800000000000e+00
4.672237674522e-02,1.800000000000e+00
4.672238674522e-02,0.000000000000e+00
4.681142434968e-02,0.000000000000e+00
4.681143434968e-02,1.800000000000e+00
4.681152434968e-02,1.800000000000e+00
4.681153434968e-02,0.000000000000e+00
4.681807478069e-02,0.000000000000e+00
4.681808478069e-02,1.800000000000e+00
4.681817478069e-02,1.800000000000e+00
4.681818478069e-02,0.000000000000e+00
4.683925413443e-02,0.000000000000e+00
4.683926413443e-02,1.800000000000e+00
4.683935413443e-02,1.800000000000e+00
4.683936413443e-02,0.000000000000e+00
4.735835163715e-02,0.000000000000e+00
4.735836163715e-02,1.800000000000e+00
4.735845163715e-02,1.800000000000e+00
4.735846163715e-02,0.000000000000e+00
4.741334968610e-02,0.000000000000e+00
4.741335968610e-02,1.800000000000e+00
4.741344968610e-02,1.800000000000e+00
4.741345968610e-02,0.000000000000e+00
4.745669073958e-02,0.000000000000e+00
4.745670073958e-02,1.800000000000e+00
4.745679073958e-02,1.800000000000e+00
4.745680073958e-02,0.000000000000e+00
4.762215976481e-02,0.000000000000e+00
4.762216976481e-02,1.800000000000e+00
4.762225976481e-02,1.800000000000e+00
4.762226976481e-02,0.000000000000e+00
4.765059815752e-02,0.000000000000e+00
4.765060815752e-02,1.800000000000e+00
4.765069815752e-02,1.800000000000e+00
4.765070815752e-02,0.000000000000e+00
4.775047870245e-02,0.000000000000e+00
4.775048870245e-02,1.800000000000e+00
4.775057870245e-02,1.800000000000e+00
4.775058870245e-02,0.000000000000e+00
4.795608594979e-02,0.000000000000e+00
4.795609594979e-02,1.800000000000e+00
4.795618594979e-02,1.800000000000e+00
4.795619594979e-02,0.000000000000e+00
4.799005303388e-02,0.000000000000e+00
4.799006303388e-02,1.800000000000e+00
4.799015303388e-02,1.800000000000e+00
4.799016303388e-02,0.000000000000e+00
4.800888301811e-02,0.000000000000e+00
4.800889301811e-02,1.800000000000e+00
4.800898301811e-02,1.800000000000e+00
4.800899301811e-02,0.000000000000e+00
4.813094263045e-02,0.000000000000e+00
4.813095263045e-02,1.800000000000e+00
4.813104263045e-02,1.800000000000e+00
4.813105263045e-02,0.000000000000e+00
4.818679941747e-02,0.000000000000e+00
4.818680941747e-02,1.800000000000e+00
4.818689941747e-02,1.800000000000e+00
4.818690941747e-02,0.000000000000e+00
4.840647771456e-02,0.000000000000e+00
4.840648771456e-02,1.800000000000e+00
4.840657771456e-02,1.800000000000e+00
4.840658771456e-02,0.000000000000e+00
4.857058054021e-02,0.000000000000e+00
4.857059054021e-02,1.800000000000e+00
4.857068054021e-02,1.800000000000e+00
4.857069054021e-02,0.000000000000e+00
4.866701240589e-02,0.000000000000e+00
4.866702240589e-02,1.800000000000e+00
4.866711240589e-02,1.800000000000e+00
4.866712240589e-02,0.000000000000e+00
4.879821840641e-02,0.000000000000e+00
4.879822840641e-02,1.800000000000e+00
4.879831840641e-02,1.800000000000e+00
4.879832840641e-02,0.000000000000e+00
4.897104215888e-02,0.000000000000e+00
4.897105215888e-02,1.800000000000e+00
4.897114215888e-02,1.800000000000e+00
4.897115215888e-02,0.000000000000e+00
4.908825384461e-02,0.000000000000e+00
4.908826384461e-02,1.800000000000e+00
4.908835384461e-02,1.800000000000e+00
4.908836384461e-02,0.000000000000e+00
4.910208622914e-02,0.000000000000e+00
4.910209622914e-02,1.800000000000e+00
4.910218622914e-02,1.800000000000e+00
4.910219622914e-02,0.000000000000e+00
4.928816066033e-02,0.000000000000e+00
4.928817066033e-02,1.800000000000e+00
4.928826066033e-02,1.800000000000e+00
4.928827066033e-02,0.000000000000e+00
4.940861673446e-02,0.000000000000e+00
4.940862673446e-02,1.800000000000e+00
4.940871673446e-02,1.800000000000e+00
4.940872673446e-02,0.000000000000e+00
4.970292193461e-02,0.000000000000e+00
4.970293193461e-02,1.800000000000e+00
4.970302193461e-02,1.800000000000e+00
4.970303193461e-02,0.000000000000e+00
4.973717767044e-02,0.000000000000e+00
4.973718767044e-02,1.800000000000e+00
4.973727767044e-02,1.800000000000e+00
4.973728767044e-02,0.000000000000e+00
4.975775446424e-02,0.000000000000e+00
4.975776446424e-02,1.800000000000e+00
4.975785446424e-02,1.800000000000e+00
4.975786446424e-02,0.000000000000e+00
4.983714349886e-02,0.000000000000e+00
4.983715349886e-02,1.800000000000e+00
4.983724349886e-02,1.800000000000e+00
4.983725349886e-02,0.000000000000e+00
4.987440587714e-02,0.000000000000e+00
4.987441587714e-02,1.800000000000e+00
4.987450587714e-02,1.800000000000e+00
4.987451587714e-02,0.000000000000e+00
4.999512194991e-02,0.000000000000e+00
4.999513194991e-02,1.800000000000e+00
4.999522194991e-02,1.800000000000e+00
4.999523194991e-02,0.000000000000e+00
5.001624605989e-02,0.000000000000e+00
5.001625605989e-02,1.800000000000e+00
5.001634605989e-02,1.800000000000e+00
5.001635605989e-02,0.000000000000e+00
5.004301547658e-02,0.000000000000e+00
5.004302547658e-02,1.800000000000e+00
5.004311547658e-02,1.800000000000e+00
5.004312547658e-02,0.000000000000e+00
5.007176122953e-02,0.000000000000e+00
5.007177122953e-02,1.800000000000e+00
5.007186122953e-02,1.800000000000e+00
5.007187122953e-02,0.000000000000e+00
5.012232445302e-02,0.000000000000e+00
5.012233445302e-02,1.800000000000e+00
5.012242445302e-02,1.800000000000e+00
5.012243445302e-02,0.000000000000e+00
5.013141048577e-02,0.000000000000e+00
5.013142048577e-02,1.800000000000e+00
5.013151048577e-02,1.800000000000e+00
5.013152048577e-02,0.000000000000e+00
5.015409785360e-02,0.000000000000e+00
5.015410785360e-02,1.800000000000e+00
5.015419785360e-02,1.800000000000e+00
5.015420785360e-02,0.000000000000e+00
5.029471148738e-02,0.000000000000e+00
5.029472148738e-02,1.800000000000e+00
5.029481148738e-02,1.800000000000e+00
5.029482148738e-02,0.000000000000e+00
5.030588284873e-02,0.000000000000e+00
5.030589284873e-02,1.800000000000e+00
5.030598284873e-02,1.800000000000e+00
5.030599284873e-02,0.000000000000e+00
5.050697284862e-02,0.000000000000e+00
5.050698284862e-02,1.800000000000e+00
5.050707284862e-02,1.800000000000e+00
5.050708284862e-02,0.000000000000e+00
5.062761863509e-02,0.000000000000e+00
5.062762863509e-02,1.800000000000e+00
5.062771863509e-02,1.800000000000e+00
5.062772863509e-02,0.000000000000e+00
5.066340290058e-02,0.000000000000e+00
5.066341290058e-02,1.800000000000e+00
5.066350290058e-02,1.800000000000e+00
5.066351290058e-02,0.000000000000e+00
5.076405556557e-02,0.000000000000e+00
5.076406556557e-02,1.800000000000e+00
5.076415556557e-02,1.800000000000e+00
5.076416556557e-02,0.000000000000e+00
5.080495050061e-02,0.000000000000e+00
5.080496050061e-02,1.800000000000e+00
5.080505050061e-02,1.800000000000e+00
5.080506050061e-02,0.000000000000e+00
5.087700505792e-02,0.000000000000e+00
5.087701505792e-02,1.800000000000e+00
5.087710505792e-02,1.800000000000e+00
5.087711505792e-02,0.000000000000e+00
5.094486670429e-02,0.000000000000e+00
5.094487670429e-02,1.800000000000e+00
5.094496670429e-02,1.800000000000e+00
5.094497670429e-02,0.000000000000e+00
5.103623432029e-02,0.000000000000e+00
5.103624432029e-02,1.800000000000e+00
5.103633432029e-02,1.800000000000e+00
5.103634432029e-02,0.000000000000e+00
5.108024058126e-02,0.000000000000e+00
5.108025058126e-02,1.800000000000e+00
5.108034058126e-02,1.800000000000e+00
5.108035058126e-02,0.000000000000e+00
5.110101391453e-02,0.000000000000e+00
5.110102391453e-02,1.800000000000e+00
5.110111391453e-02,1.800000000000e+00
5.110112391453e-02,0.000000000000e+00
5.126639629865e-02,0.000000000000e+00
5.126640629865e-02,1.800000000000e+00
5.126649629865e-02,1.800000000000e+00
5.126650629865e-02,0.000000000000e+00
5.128168558777e-02,0.000000000000e+00
5.128169558777e-02,1.800000000000e+00
5.128178558777e-02,1.800000000000e+00
5.128179558777e-02,0.000000000000e+00
5.166083966822e-02,0.000000000000e+00
5.166084966822e-02,1.800000000000e+00
5.166093966822e-02,1.800000000000e+00
5.166094966822e-02,0.000000000000e+00
5.166197455765e-02,0.000000000000e+00
5.166198455765e-02,1.800000000000e+00
5.166207455765e-02,1.800000000000e+00
5.166208455765e-02,0.000000000000e+00
5.174881995459e-02,0.000000000000e+00
5.174882995459e-02,1.800000000000e+00
5.174891995459e-02,1.800000000000e+00
5.174892995459e-02,0.000000000000e+00
5.180347216741e-02,0.000000000000e+00
5.180348216741e-02,1.800000000000e+00
5.180357216741e-02,1.800000000000e+00
5.180358216741e-02,0.000000000000e+00
5.180897032022e-02,0.000000000000e+00
5.180898032022e-02,1.800000000000e+00
5.180907032022e-02,1.800000000000e+00
5.180908032022e-02,0.000000000000e+00
5.203930194672e-02,0.000000000000e+00
5.203931194672e-02,1.800000000000e+00
5.203940194672e-02,1.800000000000e+00
5.203941194672e-02,0.000000000000e+00
5.205323456892e-02,0.000000000000e+00
5.205324456892e-02,1.800000000000e+00
5.205333456892e-02,1.800000000000e+00
5.205334456892e-02,0.000000000000e+00
5.216553575840e-02,0.000000000000e+00
5.216554575840e-02,1.800000000000e+00
5.216563575840e-02,1.800000000000e+00
5.216564575840e-02,0.000000000000e+00
5.217674323794e-02,0.000000000000e+00
5.217675323794e-02,1.800000000000e+00
5.217684323794e-02,1.800000000000e+00
5.217685323794e-02,0.000000000000e+00
5.224549539187e-02,0.000000000000e+00
5.224550539187e-02,1.800000000000e+00
5.224559539187e-02,1.800000000000e+00
5.224560539187e-02,0.000000000000e+00
5.236220051730e-02,0.000000000000e+00
5.236221051730e-02,1.800000000000e+00
5.236230051730e-02,1.800000000000e+00
5.236231051730e-02,0.000000000000e+00
5.238329552384e-02,0.000000000000e+00
5.238330552384e-02,1.800000000000e+00
5.238339552384e-02,1.800000000000e+00
5.238340552384e-02,0.000000000000e+00
5.239671858406e-02,0.000000000000e+00
5.239672858406e-02,1.800000000000e+00
5.239681858406e-02,1.800000000000e+00
5.239682858406e-02,0.000000000000e+00
5.243159874587e-02,0.000000000000e+00
5.243160874587e-02,1.800000000000e+00
5.243169874587e-02,1.800000000000e+00
5.243170874587e-02,0.000000000000e+00
5.255484073746e-02,0.000000000000e+00
5.255485073746e-02,1.800000000000e+00
5.255494073746e-02,1.800000000000e+00
5.255495073746e-02,0.000000000000e+00
5.261452116945e-02,0.000000000000e+00
5.261453116945e-02,1.800000000000e+00
5.261462116945e-02,1.800000000000e+00
5.261463116945e-02,0.000000000000e+00
5.272944796802e-02,0.000000000000e+00
5.272945796802e-02,1.800000000000e+00
5.272954796802e-02,1.800000000000e+00
5.272955796802e-02,0.000000000000e+00
5.279629544395e-02,0.000000000000e+00
5.279630544395e-02,1.800000000000e+00
5.279639544395e-02,1.800000000000e+00
5.279640544395e-02,0.000000000000e+00
5.283284092517e-02,0.000000000000e+00
5.283285092517e-02,1.800000000000e+00
5.283294092517e-02,1.800000000000e+00
5.283295092517e-02,0.000000000000e+00
5.289158043728e-02,0.000000000000e+00
5.289159043728e-02,1.800000000000e+00
5.289168043728e-02,1.800000000000e+00
5.289169043728e-02,0.000000000000e+00
5.301392486040e-02,0.000000000000e+00
5.301393486040e-02,1.800000000000e+00
5.301402486040e-02,1.800000000000e+00
5.301403486040e-02,0.000000000000e+00
5.301610886737e-02,0.000000000000e+00
5.301611886737e-02,1.800000000000e+00
5.301620886737e-02,1.800000000000e+00
5.301621886737e-02,0.000000000000e+00
5.307088145303e-02,0.000000000000e+00
5.307089145303e-02,1.800000000000e+00
5.307098145303e-02,1.800000000000e+00
5.307099145303e-02,0.000000000000e+00
5.313951591098e-02,0.000000000000e+00
5.313952591098e-02,1.800000000000e+00
5.313961591098e-02,1.800000000000e+00
5.313962591098e-02,0.000000000000e+00
5.319938615958e-02,0.000000000000e+00
5.319939615958e-02,1.800000000000e+00
5.319948615958e-02,1.800000000000e+00
5.319949615958e-02,0.000000000000e+00
5.331849185908e-02,0.000000000000e+00
5.331850185908e-02,1.800000000000e+00
5.331859185908e-02,1.800000000000e+00
5.331860185908e-02,0.000000000000e+00
5.337211674785e-02,0.000000000000e+00
5.337212674785e-02,1.800000000000e+00
5.337221674785e-02,1.800000000000e+00
5.337222674785e-02,0.000000000000e+00
5.343212475841e-02,0.000000000000e+00
5.343213475841e-02,1.800000000000e+00
5.343222475841e-02,1.800000000000e+00
5.343223475841e-02,0.000000000000e+00
5.346463372922e-02,0.000000000000e+00
5.346464372922e-02,1.800000000000e+00
5.346473372922e-02,1.800000000000e+00
5.346474372922e-02,0.000000000000e+00
5.354370818012e-02,0.000000000000e+00
5.354371818012e-02,1.800000000000e+00
5.354380818012e-02,1.800000000000e+00
5.354381818012e-02,0.000000000000e+00
5.362863384402e-02,0.000000000000e+00
5.362864384402e-02,1.800000000000e+00
5.362873384402e-02,1.800000000000e+00
5.362874384402e-02,0.000000000000e+00
5.365243856252e-02,0.000000000000e+00
5.365244856252e-02,1.800000000000e+00
5.365253856252e-02,1.800000000000e+00
5.365254856252e-02,0.000000000000e+00
5.371695694142e-02,0.000000000000e+00
5.371696694142e-02,1.800000000000e+00
5.371705694142e-02,1.800000000000e+00
5.371706694142e-02,0.000000000000e+00
5.372606179909e-02,0.000000000000e+00
5.372607179909e-02,1.800000000000e+00
5.372616179909e-02,1.800000000000e+00
5.372617179909e-02,0.000000000000e+00
5.374543941582e-02,0.000000000000e+00
5.374544941582e-02,1.800000000000e+00
5.374553941582e-02,1.800000000000e+00
5.374554941582e-02,0.000000000000e+00
5.386686925779e-02,0.000000000000e+00
5.386687925779e-02,1.800000000000e+00
5.386696925779e-02,1.800000000000e+00
5.386697925779e-02,0.000000000000e+00
5.411881479912e-02,0.000000000000e+00
5.411882479912e-02,1.800000000000e+00
5.411891479912e-02,1.800000000000e+00
5.411892479912e-02,0.000000000000e+00
5.413950537951e-02,0.000000000000e+00
5.413951537951e-02,1.800000000000e+00
5.413960537951e-02,1.800000000000e+00
5.413961537951e-02,0.000000000000e+00
5.419380966905e-02,0.000000000000e+00
5.419381966905e-02,1.800000000000e+00
5.419390966905e-02,1.800000000000e+00
5.419391966905e-02,0.000000000000e+00
5.472282313811e-02,0.000000000000e+00
5.472283313811e-02,1.800000000000e+00
5.472292313811e-02,1.800000000000e+00
5.472293313811e-02,0.000000000000e+00
5.472402987420e-02,0.000000000000e+00
5.472403987420e-02,1.800000000000e+00
5.472412987420e-02,1.800000000000e+00
5.472413987420e-02,0.000000000000e+00
5.496934796979e-02,0.000000000000e+00
5.496935796979e-02,1.800000000000e+00
5.496944796979e-02,1.800000000000e+00
5.496945796979e-02,0.000000000000e+00
5.502318631076e-02,0.000000000000e+00
5.502319631076e-02,1.800000000000e+00
5.502328631076e-02,1.800000000000e+00
5.502329631076e-02,0.000000000000e+00
5.506331092511e-02,0.000000000000e+00
5.506332092511e-02,1.800000000000e+00
5.506341092511e-02,1.800000000000e+00
5.506342092511e-02,0.000000000000e+00
5.506885865294e-02,0.000000000000e+00
5.506886865294e-02,1.800000000000e+00
5.506895865294e-02,1.800000000000e+00
5.506896865294e-02,0.000000000000e+00
5.508595755168e-02,0.000000000000e+00
5.508596755168e-02,1.800000000000e+00
5.508605755168e-02,1.800000000000e+00
5.508606755168e-02,0.000000000000e+00
5.510966253402e-02,0.000000000000e+00
5.510967253402e-02,1.800000000000e+00
5.510976253402e-02,1.800000000000e+00
5.510977253402e-02,0.000000000000e+00
5.511643231179e-02,0.000000000000e+00
5.511644231179e-02,1.800000000000e+00
5.511653231179e-02,1.800000000000e+00
5.511654231179e-02,0.000000000000e+00
5.514827746567e-02,0.000000000000e+00
5.514828746567e-02,1.800000000000e+00
5.514837746567e-02,1.800000000000e+00
5.514838746567e-02,0.000000000000e+00
5.519392048693e-02,0.000000000000e+00
5.519393048693e-02,1.800000000000e+00
5.519402048693e-02,1.800000000000e+00
5.519403048693e-02,0.000000000000e+00
5.536007584394e-02,0.000000000000e+00
5.536008584394e-02,1.800000000000e+00
5.536017584394e-02,1.800000000000e+00
5.536018584394e-02,0.000000000000e+00
5.545992176993e-02,0.000000000000e+00
5.545993176993e-02,1.800000000000e+00
5.546002176993e-02,1.800000000000e+00
5.546003176993e-02,0.000000000000e+00
5.552215618226e-02,0.000000000000e+00
5.552216618226e-02,1.800000000000e+00
5.552225618226e-02,1.800000000000e+00
5.552226618226e-02,0.000000000000e+00
5.561060930077e-02,0.000000000000e+00
5.561061930077e-02,1.800000000000e+00
5.561070930077e-02,1.800000000000e+00
5.561071930077e-02,0.000000000000e+00
5.598518519724e-02,0.000000000000e+00
5.598519519724e-02,1.800000000000e+00
5.598528519724e-02,1.800000000000e+00
5.598529519724e-02,0.000000000000e+00
5.599401834665e-02,0.000000000000e+00
5.599402834665e-02,1.800000000000e+00
5.599411834665e-02,1.800000000000e+00
5.599412834665e-02,0.000000000000e+00
5.605643072279e-02,0.000000000000e+00
5.605644072279e-02,1.800000000000e+00
5.605653072279e-02,1.800000000000e+00
5.605654072279e-02,0.000000000000e+00
5.616610582698e-02,0.000000000000e+00
5.616611582698e-02,1.800000000000e+00
5.616620582698e-02,1.800000000000e+00
5.616621582698e-02,0.000000000000e+00
5.633769910513e-02,0.000000000000e+00
5.633770910513e-02,1.800000000000e+00
5.633779910513e-02,1.800000000000e+00
5.633780910513e-02,0.000000000000e+00
5.638970161845e-02,0.000000000000e+00
5.638971161845e-02,1.800000000000e+00
5.638980161845e-02,1.800000000000e+00
5.638981161845e-02,0.000000000000e+00
5.654867640552e-02,0.000000000000e+00
5.654868640552e-02,1.800000000000e+00
5.654877640552e-02,1.800000000000e+00
5.654878640552e-02,0.000000000000e+00
5.661911774568e-02,0.000000000000e+00
5.661912774568e-02,1.800000000000e+00
5.661921774568e-02,1.800000000000e+00
5.661922774568e-02,0.000000000000e+00
5.665718270551e-02,0.000000000000e+00
5.665719270551e-02,1.800000000000e+00
5.665728270551e-02,1.800000000000e+00
5.665729270551e-02,0.000000000000e+00
5.687657141347e-02,0.000000000000e+00
5.687658141347e-02,1.800000000000e+00
5.687667141347e-02,1.800000000000e+00
5.687668141347e-02,0.000000000000e+00
5.697615632199e-02,0.000000000000e+00
5.697616632199e-02,1.800000000000e+00
5.697625632199e-02,1.800000000000e+00
5.697626632199e-02,0.000000000000e+00
5.699775149856e-02,0.000000000000e+00
5.699776149856e-02,1.800000000000e+00
5.699785149856e-02,1.800000000000e+00
5.699786149856e-02,0.000000000000e+00
5.699963862776e-02,0.000000000000e+00
5.699964862776e-02,1.800000000000e+00
5.699973862776e-02,1.800000000000e+00
5.699974862776e-02,0.000000000000e+00
5.703765355860e-02,0.000000000000e+00
5.703766355860e-02,1.800000000000e+00
5.703775355860e-02,1.800000000000e+00
5.703776355860e-02,0.000000000000e+00
5.720183863269e-02,0.000000000000e+00
5.720184863269e-02,1.800000000000e+00
5.720193863269e-02,1.800000000000e+00
5.720194863269e-02,0.000000000000e+00
5.738690182881e-02,0.000000000000e+00
5.738691182881e-02,1.800000000000e+00
5.738700182881e-02,1.800000000000e+00
5.738701182881e-02,0.000000000000e+00
5.742661790027e-02,0.000000000000e+00
5.742662790027e-02,1.800000000000e+00
5.742671790027e-02,1.800000000000e+00
5.742672790027e-02,0.000000000000e+00
5.744688288638e-02,0.000000000000e+00
5.744689288638e-02,1.800000000000e+00
5.744698288638e-02,1.800000000000e+00
5.744699288638e-02,0.000000000000e+00
5.759357969702e-02,0.000000000000e+00
5.759358969702e-02,1.800000000000e+00
5.759367969702e-02,1.800000000000e+00
5.759368969702e-02,0.000000000000e+00
5.762836528632e-02,0.000000000000e+00
5.762837528632e-02,1.800000000000e+00
5.762846528632e-02,1.800000000000e+00
5.762847528632e-02,0.000000000000e+00
5.782259246394e-02,0.000000000000e+00
5.782260246394e-02,1.800000000000e+00
5.782269246394e-02,1.800000000000e+00
5.782270246394e-02,0.000000000000e+00
5.789922735450e-02,0.000000000000e+00
5.789923735450e-02,1.800000000000e+00
5.789932735450e-02,1.800000000000e+00
5.789933735450e-02,0.000000000000e+00
5.800072272876e-02,0.000000000000e+00
5.800073272876e-02,1.800000000000e+00
5.800082272876e-02,1.800000000000e+00
5.800083272876e-02,0.000000000000e+00
5.802193820060e-02,0.000000000000e+00
5.802194820060e-02,1.800000000000e+00
5.802203820060e-02,1.800000000000e+00
5.802204820060e-02,0.000000000000e+00
5.808374560683e-02,0.000000000000e+00
5.808375560683e-02,1.800000000000e+00
5.808384560683e-02,1.800000000000e+00
5.808385560683e-02,0.000000000000e+00
5.811406267229e-02,0.000000000000e+00
5.811407267229e-02,1.800000000000e+00
5.811416267229e-02,1.800000000000e+00
5.811417267229e-02,0.000000000000e+00
5.814289536308e-02,0.000000000000e+00
5.814290536308e-02,1.800000000000e+00
5.814299536308e-02,1.800000000000e+00
5.814300536308e-02,0.000000000000e+00
5.839780962148e-02,0.000000000000e+00
5.839781962148e-02,1.800000000000e+00
5.839790962148e-02,1.800000000000e+00
5.839791962148e-02,0.000000000000e+00
5.840548678717e-02,0.000000000000e+00
5.840549678717e-02,1.800000000000e+00
5.840558678717e-02,1.800000000000e+00
5.840559678717e-02,0.000000000000e+00
5.840588722355e-02,0.000000000000e+00
5.840589722355e-02,1.800000000000e+00
5.840598722355e-02,1.800000000000e+00
5.840599722355e-02,0.000000000000e+00
5.864103018165e-02,0.000000000000e+00
5.864104018165e-02,1.800000000000e+00
5.864113018165e-02,1.800000000000e+00
5.864114018165e-02,0.000000000000e+00
5.865196486900e-02,0.000000000000e+00
5.865197486900e-02,1.800000000000e+00
5.865206486900e-02,1.800000000000e+00
5.865207486900e-02,0.000000000000e+00
5.877227795755e-02,0.000000000000e+00
5.877228795755e-02,1.800000000000e+00
5.877237795755e-02,1.800000000000e+00
5.877238795755e-02,0.000000000000e+00
5.880137881679e-02,0.000000000000e+00
5.880138881679e-02,1.800000000000e+00
5.880147881679e-02,1.800000000000e+00
5.880148881679e-02,0.000000000000e+00
5.888624234057e-02,0.000000000000e+00
5.888625234057e-02,1.800000000000e+00
5.888634234057e-02,1.800000000000e+00
5.888635234057e-02,0.000000000000e+00
5.891808073790e-02,0.000000000000e+00
5.891809073790e-02,1.800000000000e+00
5.891818073790e-02,1.800000000000e+00
5.891819073790e-02,0.000000000000e+00
5.897327104979e-02,0.000000000000e+00
5.897328104979e-02,1.800000000000e+00
5.897337104979e-02,1.800000000000e+00
5.897338104979e-02,0.000000000000e+00
5.947285672047e-02,0.000000000000e+00
5.947286672047e-02,1.800000000000e+00
5.947295672047e-02,1.800000000000e+00
5.947296672047e-02,0.000000000000e+00
5.982065044503e-02,0.000000000000e+00
5.982066044503e-02,1.800000000000e+00
5.982075044503e-02,1.800000000000e+00
5.982076044503e-02,0.000000000000e+00
5.984837430650e-02,0.000000000000e+00
5.984838430650e-02,1.800000000000e+00
5.984847430650e-02,1.800000000000e+00
5.984848430650e-02,0.000000000000e+00
5.990735894118e-02,0.000000000000e+00
5.990736894118e-02,1.800000000000e+00
5.990745894118e-02,1.800000000000e+00
5.990746894118e-02,0.000000000000e+00
5.996802342697e-02,0.000000000000e+00
5.996803342697e-02,1.800000000000e+00
5.996812342697e-02,1.800000000000e+00
5.996813342697e-02,0.000000000000e+00
5.997786977362e-02,0.000000000000e+00
5.997787977362e-02,1.800000000000e+00
5.997796977362e-02,1.800000000000e+00
5.997797977362e-02,0.000000000000e+00
6.021553495853e-02,0.000000000000e+00
6.021554495853e-02,1.800000000000e+00
6.021563495853e-02,1.800000000000e+00
6.021564495853e-02,0.000000000000e+00
6.021792108539e-02,0.000000000000e+00
6.021793108539e-02,1.800000000000e+00
6.021802108539e-02,1.800000000000e+00
6.021803108539e-02,0.000000000000e+00
6.024121297346e-02,0.000000000000e+00
6.024122297346e-02,1.800000000000e+00
6.024131297346e-02,1.800000000000e+00
6.024132297346e-02,0.000000000000e+00
6.040517877840e-02,0.000000000000e+00
6.040518877840e-02,1.800000000000e+00
6.040527877840e-02,1.800000000000e+00
6.040528877840e-02,0.000000000000e+00
6.052420433753e-02,0.000000000000e+00
6.052421433753e-02,1.800000000000e+00
6.052430433753e-02,1.800000000000e+00
6.052431433753e-02,0.000000000000e+00
6.063385668962e-02,0.000000000000e+00
6.063386668962e-02,1.800000000000e+00
6.063395668962e-02,1.800000000000e+00
6.063396668962e-02,0.000000000000e+00
6.074525497627e-02,0.000000000000e+00
6.074526497627e-02,1.800000000000e+00
6.074535497627e-02,1.800000000000e+00
6.074536497627e-02,0.000000000000e+00
6.079418523514e-02,0.000000000000e+00
6.079419523514e-02,1.800000000000e+00
6.079428523514e-02,1.800000000000e+00
6.079429523514e-02,0.000000000000e+00
6.081070941696e-02,0.000000000000e+00
6.081071941696e-02,1.800000000000e+00
6.081080941696e-02,1.800000000000e+00
6.081081941696e-02,0.000000000000e+00
6.085997345170e-02,0.000000000000e+00
6.085998345170e-02,1.800000000000e+00
6.086007345170e-02,1.800000000000e+00
6.086008345170e-02,0.000000000000e+00
6.087252785126e-02,0.000000000000e+00
6.087253785126e-02,1.800000000000e+00
6.087262785126e-02,1.800000000000e+00
6.087263785126e-02,0.000000000000e+00
6.099446042330e-02,0.000000000000e+00
6.099447042330e-02,1.800000000000e+00
6.099456042330e-02,1.800000000000e+00
6.099457042330e-02,0.000000000000e+00
6.102571322150e-02,0.000000000000e+00
6.102572322150e-02,1.800000000000e+00
6.102581322150e-02,1.800000000000e+00
6.102582322150e-02,0.000000000000e+00
6.103000107235e-02,0.000000000000e+00
6.103001107235e-02,1.800000000000e+00
6.103010107235e-02,1.800000000000e+00
6.103011107235e-02,0.000000000000e+00
6.141780951743e-02,0.000000000000e+00
6.141781951743e-02,1.800000000000e+00
6.141790951743e-02,1.800000000000e+00
6.141791951743e-02,0.000000000000e+00
6.165524480711e-02,0.000000000000e+00
6.165525480711e-02,1.800000000000e+00
6.165534480711e-02,1.800000000000e+00
6.165535480711e-02,0.000000000000e+00
6.169443316784e-02,0.000000000000e+00
6.169444316784e-02,1.800000000000e+00
6.169453316784e-02,1.800000000000e+00
6.169454316784e-02,0.000000000000e+00
6.175716582151e-02,0.000000000000e+00
6.175717582151e-02,1.800000000000e+00
6.175726582151e-02,1.800000000000e+00
6.175727582151e-02,0.000000000000e+00
6.175959606914e-02,0.000000000000e+00
6.175960606914e-02,1.800000000000e+00
6.175969606914e-02,1.800000000000e+00
6.175970606914e-02,0.000000000000e+00
6.222498622177e-02,0.000000000000e+00
6.222499622177e-02,1.800000000000e+00
6.222508622177e-02,1.800000000000e+00
6.222509622177e-02,0.000000000000e+00
6.232271731803e-02,0.000000000000e+00
6.232272731803e-02,1.800000000000e+00
6.232281731803e-02,1.800000000000e+00
6.232282731803e-02,0.000000000000e+00
6.241574883857e-02,0.000000000000e+00
6.241575883857e-02,1.800000000000e+00
6.241584883857e-02,1.800000000000e+00
6.241585883857e-02,0.000000000000e+00
6.266613376943e-02,0.000000000000e+00
6.266614376943e-02,1.800000000000e+00
6.266623376943e-02,1.800000000000e+00
6.266624376943e-02,0.000000000000e+00
6.272467984537e-02,0.000000000000e+00
6.272468984537e-02,1.800000000000e+00
6.272477984537e-02,1.800000000000e+00
6.272478984537e-02,0.000000000000e+00
6.287076386822e-02,0.000000000000e+00
6.287077386822e-02,1.800000000000e+00
6.287086386822e-02,1.800000000000e+00
6.287087386822e-02,0.000000000000e+00
6.287694589079e-02,0.000000000000e+00
6.287695589079e-02,1.800000000000e+00
6.287704589079e-02,1.800000000000e+00
6.287705589079e-02,0.000000000000e+00
6.306254006011e-02,0.000000000000e+00
6.306255006011e-02,1.800000000000e+00
6.306264006011e-02,1.800000000000e+00
6.306265006011e-02,0.000000000000e+00
6.307504746822e-02,0.000000000000e+00
6.307505746822e-02,1.800000000000e+00
6.307514746822e-02,1.800000000000e+00
6.307515746822e-02,0.000000000000e+00
6.321734367822e-02,0.000000000000e+00
6.321735367822e-02,1.800000000000e+00
6.321744367822e-02,1.800000000000e+00
6.321745367822e-02,0.000000000000e+00
6.322056019795e-02,0.000000000000e+00
6.322057019795e-02,1.800000000000e+00
6.322066019795e-02,1.800000000000e+00
6.322067019795e-02,0.000000000000e+00
6.341876461520e-02,0.000000000000e+00
6.341877461520e-02,1.800000000000e+00
6.341886461520e-02,1.800000000000e+00
6.341887461520e-02,0.000000000000e+00
6.348710760123e-02,0.000000000000e+00
6.348711760123e-02,1.800000000000e+00
6.348720760123e-02,1.800000000000e+00
6.348721760123e-02,0.000000000000e+00
6.358657026383e-02,0.000000000000e+00
6.358658026383e-02,1.800000000000e+00
6.358667026383e-02,1.800000000000e+00
6.358668026383e-02,0.000000000000e+00
6.365313873282e-02,0.000000000000e+00
6.365314873282e-02,1.800000000000e+00
6.365323873282e-02,1.800000000000e+00
6.365324873282e-02,0.000000000000e+00
6.366623705405e-02,0.000000000000e+00
6.366624705405e-02,1.800000000000e+00
6.366633705405e-02,1.800000000000e+00
6.366634705405e-02,0.000000000000e+00
6.366922294260e-02,0.000000000000e+00
6.366923294260e-02,1.800000000000e+00
6.366932294260e-02,1.800000000000e+00
6.366933294260e-02,0.000000000000e+00
6.377611259337e-02,0.000000000000e+00
6.377612259337e-02,1.800000000000e+00
6.377621259337e-02,1.800000000000e+00
6.377622259337e-02,0.000000000000e+00
6.381339690196e-02,0.000000000000e+00
6.381340690196e-02,1.800000000000e+00
6.381349690196e-02,1.800000000000e+00
6.381350690196e-02,0.000000000000e+00
6.408586703209e-02,0.000000000000e+00
6.408587703209e-02,1.800000000000e+00
6.408596703209e-02,1.800000000000e+00
6.408597703209e-02,0.000000000000e+00
6.439777656958e-02,0.000000000000e+00
6.439778656958e-02,1.800000000000e+00
6.439787656958e-02,1.800000000000e+00
6.439788656958e-02,0.000000000000e+00
6.441504744946e-02,0.000000000000e+00
6.441505744946e-02,1.800000000000e+00
6.441514744946e-02,1.800000000000e+00
6.441515744946e-02,0.000000000000e+00
6.446577525999e-02,0.000000000000e+00
6.446578525999e-02,1.800000000000e+00
6.446587525999e-02,1.800000000000e+00
6.446588525999e-02,0.000000000000e+00
6.447566242431e-02,0.000000000000e+00
6.447567242431e-02,1.800000000000e+00
6.447576242431e-02,1.800000000000e+00
6.447577242431e-02,0.000000000000e+00
6.451836239445e-02,0.000000000000e+00
6.451837239445e-02,1.800000000000e+00
6.451846239445e-02,1.800000000000e+00
6.451847239445e-02,0.000000000000e+00
6.456061218561e-02,0.000000000000e+00
6.456062218561e-02,1.800000000000e+00
6.456071218561e-02,1.800000000000e+00
6.456072218561e-02,0.000000000000e+00
6.456566788683e-02,0.000000000000e+00
6.456567788683e-02,1.800000000000e+00
6.456576788683e-02,1.800000000000e+00
6.456577788683e-02,0.000000000000e+00
6.461009973660e-02,0.000000000000e+00
6.461010973660e-02,1.800000000000e+00
6.461019973660e-02,1.800000000000e+00
6.461020973660e-02,0.000000000000e+00
6.462195289483e-02,0.000000000000e+00
6.462196289483e-02,1.800000000000e+00
6.462205289483e-02,1.800000000000e+00
6.462206289483e-02,0.000000000000e+00
6.484652455983e-02,0.000000000000e+00
6.484653455983e-02,1.800000000000e+00
6.484662455983e-02,1.800000000000e+00
6.484663455983e-02,0.000000000000e+00
6.502485257398e-02,0.000000000000e+00
6.502486257398e-02,1.800000000000e+00
6.502495257398e-02,1.800000000000e+00
6.502496257398e-02,0.000000000000e+00
6.511242867576e-02,0.000000000000e+00
6.511243867576e-02,1.800000000000e+00
6.511252867576e-02,1.800000000000e+00
6.511253867576e-02,0.000000000000e+00
6.519586240570e-02,0.000000000000e+00
6.519587240570e-02,1.800000000000e+00
6.519596240570e-02,1.800000000000e+00
6.519597240570e-02,0.000000000000e+00
6.531529075812e-02,0.000000000000e+00
6.531530075812e-02,1.800000000000e+00
6.531539075812e-02,1.800000000000e+00
6.531540075812e-02,0.000000000000e+00
6.535473765294e-02,0.000000000000e+00
6.535474765294e-02,1.800000000000e+00
6.535483765294e-02,1.800000000000e+00
6.535484765294e-02,0.000000000000e+00
6.538501703262e-02,0.000000000000e+00
6.538502703262e-02,1.800000000000e+00
6.538511703262e-02,1.800000000000e+00
6.538512703262e-02,0.000000000000e+00
6.587415712465e-02,0.000000000000e+00
6.587416712465e-02,1.800000000000e+00
6.587425712465e-02,1.800000000000e+00
6.587426712465e-02,0.000000000000e+00
6.607704023017e-02,0.000000000000e+00
6.607705023017e-02,1.800000000000e+00
6.607714023017e-02,1.800000000000e+00
6.607715023017e-02,0.000000000000e+00
6.630919612641e-02,0.000000000000e+00
6.630920612641e-02,1.800000000000e+00
6.630929612641e-02,1.800000000000e+00
6.630930612641e-02,0.000000000000e+00
6.632666137057e-02,0.000000000000e+00
6.632667137057e-02,1.800000000000e+00
6.632676137057e-02,1.800000000000e+00
6.632677137057e-02,0.000000000000e+00
6.633911964685e-02,0.000000000000e+00
6.633912964685e-02,1.800000000000e+00
6.633921964685e-02,1.800000000000e+00
6.633922964685e-02,0.000000000000e+00
6.638309080083e-02,0.000000000000e+00
6.638310080083e-02,1.800000000000e+00
6.638319080083e-02,1.800000000000e+00
6.638320080083e-02,0.000000000000e+00
6.644726745911e-02,0.000000000000e+00
6.644727745911e-02,1.800000000000e+00
6.644736745911e-02,1.800000000000e+00
6.644737745911e-02,0.000000000000e+00
6.645730057750e-02,0.000000000000e+00
6.645731057750e-02,1.800000000000e+00
6.645740057750e-02,1.800000000000e+00
6.645741057750e-02,0.000000000000e+00
6.645921470216e-02,0.000000000000e+00
6.645922470216e-02,1.800000000000e+00
6.645931470216e-02,1.800000000000e+00
6.645932470216e-02,0.000000000000e+00
6.646348624696e-02,0.000000000000e+00
6.646349624696e-02,1.800000000000e+00
6.646358624696e-02,1.800000000000e+00
6.646359624696e-02,0.000000000000e+00
6.651990483899e-02,0.000000000000e+00
6.651991483899e-02,1.800000000000e+00
6.652000483899e-02,1.800000000000e+00
6.652001483899e-02,0.000000000000e+00
6.656908969890e-02,0.000000000000e+00
6.656909969890e-02,1.800000000000e+00
6.656918969890e-02,1.800000000000e+00
6.656919969890e-02,0.000000000000e+00
6.673121131997e-02,0.000000000000e+00
6.673122131997e-02,1.800000000000e+00
6.673131131997e-02,1.800000000000e+00
6.673132131997e-02,0.000000000000e+00
6.693701656928e-02,0.000000000000e+00
6.693702656928e-02,1.800000000000e+00
6.693711656928e-02,1.800000000000e+00
6.693712656928e-02,0.000000000000e+00
6.699780747408e-02,0.000000000000e+00
6.699781747408e-02,1.800000000000e+00
6.699790747408e-02,1.800000000000e+00
6.699791747408e-02,0.000000000000e+00
6.700889643047e-02,0.000000000000e+00
6.700890643047e-02,1.800000000000e+00
6.700899643047e-02,1.800000000000e+00
6.700900643047e-02,0.000000000000e+00
6.701478699469e-02,0.000000000000e+00
6.701479699469e-02,1.800000000000e+00
6.701488699469e-02,1.800000000000e+00
6.701489699469e-02,0.000000000000e+00
6.707297363626e-02,0.000000000000e+00
6.707298363626e-02,1.800000000000e+00
6.707307363626e-02,1.800000000000e+00
6.707308363626e-02,0.000000000000e+00
6.715542102754e-02,0.000000000000e+00
6.715543102754e-02,1.800000000000e+00
6.715552102754e-02,1.800000000000e+00
6.715553102754e-02,0.000000000000e+00
6.720314348318e-02,0.000000000000e+00
6.720315348318e-02,1.800000000000e+00
6.720324348318e-02,1.800000000000e+00
6.720325348318e-02,0.000000000000e+00
6.722985519469e-02,0.000000000000e+00
6.722986519469e-02,1.800000000000e+00
6.722995519469e-02,1.800000000000e+00
6.722996519469e-02,0.000000000000e+00
6.723528058224e-02,0.000000000000e+00
6.723529058224e-02,1.800000000000e+00
6.723538058224e-02,1.800000000000e+00
6.723539058224e-02,0.000000000000e+00
6.745835556559e-02,0.000000000000e+00
6.745836556559e-02,1.800000000000e+00
6.745845556559e-02,1.800000000000e+00
6.745846556559e-02,0.000000000000e+00
6.750590094393e-02,0.000000000000e+00
6.750591094393e-02,1.800000000000e+00
6.750600094393e-02,1.800000000000e+00
6.750601094393e-02,0.000000000000e+00
6.765478608017e-02,0.000000000000e+00
6.765479608017e-02,1.800000000000e+00
6.765488608017e-02,1.800000000000e+00
6.765489608017e-02,0.000000000000e+00
6.797186256993e-02,0.000000000000e+00
6.797187256993e-02,1.800000000000e+00
6.797196256993e-02,1.800000000000e+00
6.797197256993e-02,0.000000000000e+00
6.797879570383e-02,0.000000000000e+00
6.797880570383e-02,1.800000000000e+00
6.797889570383e-02,1.800000000000e+00
6.797890570383e-02,0.000000000000e+00
6.808009986536e-02,0.000000000000e+00
6.808010986536e-02,1.800000000000e+00
6.808019986536e-02,1.800000000000e+00
6.808020986536e-02,0.000000000000e+00
6.816915059321e-02,0.000000000000e+00
6.816916059321e-02,1.800000000000e+00
6.816925059321e-02,1.800000000000e+00
6.816926059321e-02,0.000000000000e+00
6.820209586588e-02,0.000000000000e+00
6.820210586588e-02,1.800000000000e+00
6.820219586588e-02,1.800000000000e+00
6.820220586588e-02,0.000000000000e+00
6.821536042294e-02,0.000000000000e+00
6.821537042294e-02,1.800000000000e+00
6.821546042294e-02,1.800000000000e+00
6.821547042294e-02,0.000000000000e+00
6.832161158728e-02,0.000000000000e+00
6.832162158728e-02,1.800000000000e+00
6.832171158728e-02,1.800000000000e+00
6.832172158728e-02,0.000000000000e+00
6.852972714861e-02,0.000000000000e+00
6.852973714861e-02,1.800000000000e+00
6.852982714861e-02,1.800000000000e+00
6.852983714861e-02,0.000000000000e+00
6.855460459199e-02,0.000000000000e+00
6.855461459199e-02,1.800000000000e+00
6.855470459199e-02,1.800000000000e+00
6.855471459199e-02,0.000000000000e+00
6.855715887233e-02,0.000000000000e+00
6.855716887233e-02,1.800000000000e+00
6.855725887233e-02,1.800000000000e+00
6.855726887233e-02,0.000000000000e+00
6.859779866905e-02,0.000000000000e+00
6.859780866905e-02,1.800000000000e+00
6.859789866905e-02,1.800000000000e+00
6.859790866905e-02,0.000000000000e+00
6.865050033008e-02,0.000000000000e+00
6.865051033008e-02,1.800000000000e+00
6.865060033008e-02,1.800000000000e+00
6.865061033008e-02,0.000000000000e+00
6.876320756461e-02,0.000000000000e+00
6.876321756461e-02,1.800000000000e+00
6.876330756461e-02,1.800000000000e+00
6.876331756461e-02,0.000000000000e+00
6.880310810106e-02,0.000000000000e+00
6.880311810106e-02,1.800000000000e+00
6.880320810106e-02,1.800000000000e+00
6.880321810106e-02,0.000000000000e+00
6.885908907960e-02,0.000000000000e+00
6.885909907960e-02,1.800000000000e+00
6.885918907960e-02,1.800000000000e+00
6.885919907960e-02,0.000000000000e+00
6.886556558831e-02,0.000000000000e+00
6.886557558831e-02,1.800000000000e+00
6.886566558831e-02,1.800000000000e+00
6.886567558831e-02,0.000000000000e+00
6.903062519633e-02,0.000000000000e+00
6.903063519633e-02,1.800000000000e+00
6.903072519633e-02,1.800000000000e+00
6.903073519633e-02,0.000000000000e+00
6.918658531210e-02,0.000000000000e+00
6.918659531210e-02,1.800000000000e+00
6.918668531210e-02,1.800000000000e+00
6.918669531210e-02,0.000000000000e+00
6.931521499054e-02,0.000000000000e+00
6.931522499054e-02,1.800000000000e+00
6.931531499054e-02,1.800000000000e+00
6.931532499054e-02,0.000000000000e+00
6.969636409266e-02,0.000000000000e+00
6.969637409266e-02,1.800000000000e+00
6.969646409266e-02,1.800000000000e+00
6.969647409266e-02,0.000000000000e+00
6.970796322792e-02,0.000000000000e+00
6.970797322792e-02,1.800000000000e+00
6.970806322792e-02,1.800000000000e+00
6.970807322792e-02,0.000000000000e+00
6.973384367347e-02,0.000000000000e+00
6.973385367347e-02,1.800000000000e+00
6.973394367347e-02,1.800000000000e+00
6.973395367347e-02,0.000000000000e+00
6.974575752268e-02,0.000000000000e+00
6.974576752268e-02,1.800000000000e+00
6.974585752268e-02,1.800000000000e+00
6.974586752268e-02,0.000000000000e+00
6.997474887709e-02,0.000000000000e+00
6.997475887709e-02,1.800000000000e+00
6.997484887709e-02,1.800000000000e+00
6.997485887709e-02,0.000000000000e+00
7.009659182279e-02,0.000000000000e+00
7.009660182279e-02,1.800000000000e+00
7.009669182279e-02,1.800000000000e+00
7.009670182279e-02,0.000000000000e+00
7.024960024100e-02,0.000000000000e+00
7.024961024100e-02,1.800000000000e+00
7.024970024100e-02,1.800000000000e+00
7.024971024100e-02,0.000000000000e+00
7.037221461345e-02,0.000000000000e+00
7.037222461345e-02,1.800000000000e+00
7.037231461345e-02,1.800000000000e+00
7.037232461345e-02,0.000000000000e+00
7.041149096988e-02,0.000000000000e+00
7.041150096988e-02,1.800000000000e+00
7.041159096988e-02,1.800000000000e+00
7.041160096988e-02,0.000000000000e+00
7.042479027803e-02,0.000000000000e+00
7.042480027803e-02,1.800000000000e+00
7.042489027803e-02,1.800000000000e+00
7.042490027803e-02,0.000000000000e+00
7.051435354466e-02,0.000000000000e+00
7.051436354466e-02,1.800000000000e+00
7.051445354466e-02,1.800000000000e+00
7.051446354466e-02,0.000000000000e+00
7.126238418708e-02,0.000000000000e+00
7.126239418708e-02,1.800000000000e+00
7.126248418708e-02,1.800000000000e+00
7.126249418708e-02,0.000000000000e+00
7.129570403936e-02,0.000000000000e+00
7.129571403936e-02,1.800000000000e+00
7.129580403936e-02,1.800000000000e+00
7.129581403936e-02,0.000000000000e+00
7.132832193793e-02,0.000000000000e+00
7.132833193793e-02,1.800000000000e+00
7.132842193793e-02,1.800000000000e+00
7.132843193793e-02,0.000000000000e+00
7.138346048967e-02,0.000000000000e+00
7.138347048967e-02,1.800000000000e+00
7.138356048967e-02,1.800000000000e+00
7.138357048967e-02,0.000000000000e+00
7.139624141394e-02,0.000000000000e+00
7.139625141394e-02,1.800000000000e+00
7.139634141394e-02,1.800000000000e+00
7.139635141394e-02,0.000000000000e+00
7.140216669413e-02,0.000000000000e+00
7.140217669413e-02,1.800000000000e+00
7.140226669413e-02,1.800000000000e+00
7.140227669413e-02,0.000000000000e+00
7.157356683450e-02,0.000000000000e+00
7.157357683450e-02,1.800000000000e+00
7.157366683450e-02,1.800000000000e+00
7.157367683450e-02,0.000000000000e+00
7.162286124832e-02,0.000000000000e+00
7.162287124832e-02,1.800000000000e+00
7.162296124832e-02,1.800000000000e+00
7.162297124832e-02,0.000000000000e+00
7.163044219103e-02,0.000000000000e+00
7.163045219103e-02,1.800000000000e+00
7.163054219103e-02,1.800000000000e+00
7.163055219103e-02,0.000000000000e+00
7.179728773802e-02,0.000000000000e+00
7.179729773802e-02,1.800000000000e+00
7.179738773802e-02,1.800000000000e+00
7.179739773802e-02,0.000000000000e+00
7.198762465958e-02,0.000000000000e+00
7.198763465958e-02,1.800000000000e+00
7.198772465958e-02,1.800000000000e+00
7.198773465958e-02,0.000000000000e+00
7.220903798238e-02,0.000000000000e+00
7.220904798238e-02,1.800000000000e+00
7.220913798238e-02,1.800000000000e+00
7.220914798238e-02,0.000000000000e+00
7.234773776459e-02,0.000000000000e+00
7.234774776459e-02,1.800000000000e+00
7.234783776459e-02,1.800000000000e+00
7.234784776459e-02,0.000000000000e+00
7.251062182977e-02,0.000000000000e+00
7.251063182977e-02,1.800000000000e+00
7.251072182977e-02,1.800000000000e+00
7.251073182977e-02,0.000000000000e+00
7.256097985595e-02,0.000000000000e+00
7.256098985595e-02,1.800000000000e+00
7.256107985595e-02,1.800000000000e+00
7.256108985595e-02,0.000000000000e+00
7.260641080685e-02,0.000000000000e+00
7.260642080685e-02,1.800000000000e+00
7.260651080685e-02,1.800000000000e+00
7.260652080685e-02,0.000000000000e+00
7.275044797799e-02,0.000000000000e+00
7.275045797799e-02,1.800000000000e+00
7.275054797799e-02,1.800000000000e+00
7.275055797799e-02,0.000000000000e+00
7.280737757999e-02,0.000000000000e+00
7.280738757999e-02,1.800000000000e+00
7.280747757999e-02,1.800000000000e+00
7.280748757999e-02,0.000000000000e+00
7.285174373065e-02,0.000000000000e+00
7.285175373065e-02,1.800000000000e+00
7.285184373065e-02,1.800000000000e+00
7.285185373065e-02,0.000000000000e+00
7.286312795781e-02,0.000000000000e+00
7.286313795781e-02,1.800000000000e+00
7.286322795781e-02,1.800000000000e+00
7.286323795781e-02,0.000000000000e+00
7.302907540557e-02,0.000000000000e+00
7.302908540557e-02,1.800000000000e+00
7.302917540557e-02,1.800000000000e+00
7.302918540557e-02,0.000000000000e+00
7.314621166379e-02,0.000000000000e+00
7.314622166379e-02,1.800000000000e+00
7.314631166379e-02,1.800000000000e+00
7.314632166379e-02,0.000000000000e+00
7.336426500872e-02,0.000000000000e+00
7.336427500872e-02,1.800000000000e+00
7.336436500872e-02,1.800000000000e+00
7.336437500872e-02,0.000000000000e+00
7.340288854874e-02,0.000000000000e+00
7.340289854874e-02,1.800000000000e+00
7.340298854874e-02,1.800000000000e+00
7.340299854874e-02,0.000000000000e+00
7.356642230790e-02,0.000000000000e+00
7.356643230790e-02,1.800000000000e+00
7.356652230790e-02,1.800000000000e+00
7.356653230790e-02,0.000000000000e+00
7.393261615510e-02,0.000000000000e+00
7.393262615510e-02,1.800000000000e+00
7.393271615510e-02,1.800000000000e+00
7.393272615510e-02,0.000000000000e+00
7.393815822372e-02,0.000000000000e+00
7.393816822372e-02,1.800000000000e+00
7.393825822372e-02,1.800000000000e+00
7.393826822372e-02,0.000000000000e+00
7.396778697612e-02,0.000000000000e+00
7.396779697612e-02,1.800000000000e+00
7.396788697612e-02,1.800000000000e+00
7.396789697612e-02,0.000000000000e+00
7.411251194286e-02,0.000000000000e+00
7.411252194286e-02,1.800000000000e+00
7.411261194286e-02,1.800000000000e+00
7.411262194286e-02,0.000000000000e+00
7.423449276323e-02,0.000000000000e+00
7.423450276323e-02,1.800000000000e+00
7.423459276323e-02,1.800000000000e+00
7.423460276323e-02,0.000000000000e+00
7.430306712555e-02,0.000000000000e+00
7.430307712555e-02,1.800000000000e+00
7.430316712555e-02,1.800000000000e+00
7.430317712555e-02,0.000000000000e+00
7.446985030336e-02,0.000000000000e+00
7.446986030336e-02,1.800000000000e+00
7.446995030336e-02,1.800000000000e+00
7.446996030336e-02,0.000000000000e+00
7.468650400311e-02,0.000000000000e+00
7.468651400311e-02,1.800000000000e+00
7.468660400311e-02,1.800000000000e+00
7.468661400311e-02,0.000000000000e+00
7.470877521604e-02,0.000000000000e+00
7.470878521604e-02,1.800000000000e+00
7.470887521604e-02,1.800000000000e+00
7.470888521604e-02,0.000000000000e+00
7.476791586125e-02,0.000000000000e+00
7.476792586125e-02,1.800000000000e+00
7.476801586125e-02,1.800000000000e+00
7.476802586125e-02,0.000000000000e+00
7.478058585389e-02,0.000000000000e+00
7.478059585389e-02,1.800000000000e+00
7.478068585389e-02,1.800000000000e+00
7.478069585389e-02,0.000000000000e+00
7.480314590615e-02,0.000000000000e+00
7.480315590615e-02,1.800000000000e+00
7.480324590615e-02,1.800000000000e+00
7.480325590615e-02,0.000000000000e+00
7.483535991713e-02,0.000000000000e+00
7.483536991713e-02,1.800000000000e+00
7.483545991713e-02,1.800000000000e+00
7.483546991713e-02,0.000000000000e+00
7.487582327459e-02,0.000000000000e+00
7.487583327459e-02,1.800000000000e+00
7.487592327459e-02,1.800000000000e+00
7.487593327459e-02,0.000000000000e+00
7.491421319640e-02,0.000000000000e+00
7.491422319640e-02,1.800000000000e+00
7.491431319640e-02,1.800000000000e+00
7.491432319640e-02,0.000000000000e+00
7.497334558017e-02,0.000000000000e+00
7.497335558017e-02,1.800000000000e+00
7.497344558017e-02,1.800000000000e+00
7.497345558017e-02,0.000000000000e+00
7.503205824502e-02,0.000000000000e+00
7.503206824502e-02,1.800000000000e+00
7.503215824502e-02,1.800000000000e+00
7.503216824502e-02,0.000000000000e+00
7.504070103833e-02,0.000000000000e+00
7.504071103833e-02,1.800000000000e+00
7.504080103833e-02,1.800000000000e+00
7.504081103833e-02,0.000000000000e+00
7.506632216255e-02,0.000000000000e+00
7.506633216255e-02,1.800000000000e+00
7.506642216255e-02,1.800000000000e+00
7.506643216255e-02,0.000000000000e+00
7.521136085445e-02,0.000000000000e+00
7.521137085445e-02,1.800000000000e+00
7.521146085445e-02,1.800000000000e+00
7.521147085445e-02,0.000000000000e+00
7.531095082951e-02,0.000000000000e+00
7.531096082951e-02,1.800000000000e+00
7.531105082951e-02,1.800000000000e+00
7.531106082951e-02,0.000000000000e+00
7.535607434998e-02,0.000000000000e+00
7.535608434998e-02,1.800000000000e+00
7.535617434998e-02,1.800000000000e+00
7.535618434998e-02,0.000000000000e+00
7.549295518084e-02,0.000000000000e+00
7.549296518084e-02,1.800000000000e+00
7.549305518084e-02,1.800000000000e+00
7.549306518084e-02,0.000000000000e+00
7.551519404523e-02,0.000000000000e+00
7.551520404523e-02,1.800000000000e+00
7.551529404523e-02,1.800000000000e+00
7.551530404523e-02,0.000000000000e+00
7.566441296439e-02,0.000000000000e+00
7.566442296439e-02,1.800000000000e+00
7.566451296439e-02,1.800000000000e+00
7.566452296439e-02,0.000000000000e+00
7.566788607126e-02,0.000000000000e+00
7.566789607126e-02,1.800000000000e+00
7.566798607126e-02,1.800000000000e+00
7.566799607126e-02,0.000000000000e+00
7.575659603829e-02,0.000000000000e+00
7.575660603829e-02,1.800000000000e+00
7.575669603829e-02,1.800000000000e+00
7.575670603829e-02,0.000000000000e+00
7.576230896653e-02,0.000000000000e+00
7.576231896653e-02,1.800000000000e+00
7.576240896653e-02,1.800000000000e+00
7.576241896653e-02,0.000000000000e+00
7.579583906233e-02,0.000000000000e+00
7.579584906233e-02,1.800000000000e+00
7.579593906233e-02,1.800000000000e+00
7.579594906233e-02,0.000000000000e+00
7.581297799626e-02,0.000000000000e+00
7.581298799626e-02,1.800000000000e+00
7.581307799626e-02,1.800000000000e+00
7.581308799626e-02,0.000000000000e+00
7.590045335414e-02,0.000000000000e+00
7.590046335414e-02,1.800000000000e+00
7.590055335414e-02,1.800000000000e+00
7.590056335414e-02,0.000000000000e+00
7.597044986054e-02,0.000000000000e+00
7.597045986054e-02,1.800000000000e+00
7.597054986054e-02,1.800000000000e+00
7.597055986054e-02,0.000000000000e+00
7.619960735960e-02,0.000000000000e+00
7.619961735960e-02,1.800000000000e+00
7.619970735960e-02,1.800000000000e+00
7.619971735960e-02,0.000000000000e+00
7.620048249569e-02,0.000000000000e+00
7.620049249569e-02,1.800000000000e+00
7.620058249569e-02,1.800000000000e+00
7.620059249569e-02,0.000000000000e+00
7.630665468241e-02,0.000000000000e+00
7.630666468241e-02,1.800000000000e+00
7.630675468241e-02,1.800000000000e+00
7.630676468241e-02,0.000000000000e+00
7.651655715583e-02,0.000000000000e+00
7.651656715583e-02,1.800000000000e+00
7.651665715583e-02,1.800000000000e+00
7.651666715583e-02,0.000000000000e+00
7.652653529864e-02,0.000000000000e+00
7.652654529864e-02,1.800000000000e+00
7.652663529864e-02,1.800000000000e+00
7.652664529864e-02,0.000000000000e+00
7.660124938568e-02,0.000000000000e+00
7.660125938568e-02,1.800000000000e+00
7.660134938568e-02,1.800000000000e+00
7.660135938568e-02,0.000000000000e+00
7.669384791242e-02,0.000000000000e+00
7.669385791242e-02,1.800000000000e+00
7.669394791242e-02,1.800000000000e+00
7.669395791242e-02,0.000000000000e+00
7.671783848902e-02,0.000000000000e+00
7.671784848902e-02,1.800000000000e+00
7.671793848902e-02,1.800000000000e+00
7.671794848902e-02,0.000000000000e+00
7.680072900523e-02,0.000000000000e+00
7.680073900523e-02,1.800000000000e+00
7.680082900523e-02,1.800000000000e+00
7.680083900523e-02,0.000000000000e+00
7.680332719799e-02,0.000000000000e+00
7.680333719799e-02,1.800000000000e+00
7.680342719799e-02,1.800000000000e+00
7.680343719799e-02,0.000000000000e+00
7.681261927549e-02,0.000000000000e+00
7.681262927549e-02,1.800000000000e+00
7.681271927549e-02,1.800000000000e+00
7.681272927549e-02,0.000000000000e+00
7.681949019771e-02,0.000000000000e+00
7.681950019771e-02,1.800000000000e+00
7.681959019771e-02,1.800000000000e+00
7.681960019771e-02,0.000000000000e+00
7.684103010832e-02,0.000000000000e+00
7.684104010832e-02,1.800000000000e+00
7.684113010832e-02,1.800000000000e+00
7.684114010832e-02,0.000000000000e+00
7.698133025188e-02,0.000000000000e+00
7.698134025188e-02,1.800000000000e+00
7.698143025188e-02,1.800000000000e+00
7.698144025188e-02,0.000000000000e+00
7.711298026152e-02,0.000000000000e+00
7.711299026152e-02,1.800000000000e+00
7.711308026152e-02,1.800000000000e+00
7.711309026152e-02,0.000000000000e+00
7.712066073857e-02,0.000000000000e+00
7.712067073857e-02,1.800000000000e+00
7.712076073857e-02,1.800000000000e+00
7.712077073857e-02,0.000000000000e+00
7.716180013467e-02,0.000000000000e+00
7.716181013467e-02,1.800000000000e+00
7.716190013467e-02,1.800000000000e+00
7.716191013467e-02,0.000000000000e+00
7.726028786846e-02,0.000000000000e+00
7.726029786846e-02,1.800000000000e+00
7.726038786846e-02,1.800000000000e+00
7.726039786846e-02,0.000000000000e+00
7.739439045289e-02,0.000000000000e+00
7.739440045289e-02,1.800000000000e+00
7.739449045289e-02,1.800000000000e+00
7.739450045289e-02,0.000000000000e+00
7.740052189607e-02,0.000000000000e+00
7.740053189607e-02,1.800000000000e+00
7.740062189607e-02,1.800000000000e+00
7.740063189607e-02,0.000000000000e+00
7.753989555948e-02,0.000000000000e+00
7.753990555948e-02,1.800000000000e+00
7.753999555948e-02,1.800000000000e+00
7.754000555948e-02,0.000000000000e+00
7.766510959838e-02,0.000000000000e+00
7.766511959838e-02,1.800000000000e+00
7.766520959838e-02,1.800000000000e+00
7.766521959838e-02,0.000000000000e+00
7.774612266103e-02,0.000000000000e+00
7.774613266103e-02,1.800000000000e+00
7.774622266103e-02,1.800000000000e+00
7.774623266103e-02,0.000000000000e+00
7.785265335199e-02,0.000000000000e+00
7.785266335199e-02,1.800000000000e+00
7.785275335199e-02,1.800000000000e+00
7.785276335199e-02,0.000000000000e+00
7.785630966202e-02,0.000000000000e+00
7.785631966202e-02,1.800000000000e+00
7.785640966202e-02,1.800000000000e+00
7.785641966202e-02,0.000000000000e+00
7.806723011582e-02,0.000000000000e+00
7.806724011582e-02,1.800000000000e+00
7.806733011582e-02,1.800000000000e+00
7.806734011582e-02,0.000000000000e+00
7.815915007278e-02,0.000000000000e+00
7.815916007278e-02,1.800000000000e+00
7.815925007278e-02,1.800000000000e+00
7.815926007278e-02,0.000000000000e+00
7.823333556949e-02,0.000000000000e+00
7.823334556949e-02,1.800000000000e+00
7.823343556949e-02,1.800000000000e+00
7.823344556949e-02,0.000000000000e+00
7.831031538489e-02,0.000000000000e+00
7.831032538489e-02,1.800000000000e+00
7.831041538489e-02,1.800000000000e+00
7.831042538489e-02,0.000000000000e+00
7.850747200038e-02,0.000000000000e+00
7.850748200038e-02,1.800000000000e+00
7.850757200038e-02,1.800000000000e+00
7.850758200038e-02,0.000000000000e+00
7.853129501208e-02,0.000000000000e+00
7.853130501208e-02,1.800000000000e+00
7.853139501208e-02,1.800000000000e+00
7.853140501208e-02,0.000000000000e+00
7.855181403286e-02,0.000000000000e+00
7.855182403286e-02,1.800000000000e+00
7.855191403286e-02,1.800000000000e+00
7.855192403286e-02,0.000000000000e+00
7.856219808854e-02,0.000000000000e+00
7.856220808854e-02,1.800000000000e+00
7.856229808854e-02,1.800000000000e+00
7.856230808854e-02,0.000000000000e+00
7.858824260516e-02,0.000000000000e+00
7.858825260516e-02,1.800000000000e+00
7.858834260516e-02,1.800000000000e+00
7.858835260516e-02,0.000000000000e+00
7.867850998768e-02,0.000000000000e+00
7.867851998768e-02,1.800000000000e+00
7.867860998768e-02,1.800000000000e+00
7.867861998768e-02,0.000000000000e+00
7.895474275713e-02,0.000000000000e+00
7.895475275713e-02,1.800000000000e+00
7.895484275713e-02,1.800000000000e+00
7.895485275713e-02,0.000000000000e+00
7.901759302759e-02,0.000000000000e+00
7.901760302759e-02,1.800000000000e+00
7.901769302759e-02,1.800000000000e+00
7.901770302759e-02,0.000000000000e+00
7.926870671199e-02,0.000000000000e+00
7.926871671199e-02,1.800000000000e+00
7.926880671199e-02,1.800000000000e+00
7.926881671199e-02,0.000000000000e+00
7.928472312711e-02,0.000000000000e+00
7.928473312711e-02,1.800000000000e+00
7.928482312711e-02,1.800000000000e+00
7.928483312711e-02,0.000000000000e+00
7.932048601023e-02,0.000000000000e+00
7.932049601023e-02,1.800000000000e+00
7.932058601023e-02,1.800000000000e+00
7.932059601023e-02,0.000000000000e+00
7.932117317906e-02,0.000000000000e+00
7.932118317906e-02,1.800000000000e+00
7.932127317906e-02,1.800000000000e+00
7.932128317906e-02,0.000000000000e+00
7.932227609751e-02,0.000000000000e+00
7.932228609751e-02,1.800000000000e+00
7.932237609751e-02,1.800000000000e+00
7.932238609751e-02,0.000000000000e+00
7.934070071224e-02,0.000000000000e+00
7.934071071224e-02,1.800000000000e+00
7.934080071224e-02,1.800000000000e+00
7.934081071224e-02,0.000000000000e+00
7.935239710549e-02,0.000000000000e+00
7.935240710549e-02,1.800000000000e+00
7.935249710549e-02,1.800000000000e+00
7.935250710549e-02,0.000000000000e+00
7.946150042719e-02,0.000000000000e+00
7.946151042719e-02,1.800000000000e+00
7.946160042719e-02,1.800000000000e+00
7.946161042719e-02,0.000000000000e+00
7.966694716566e-02,0.000000000000e+00
7.966695716566e-02,1.800000000000e+00
7.966704716566e-02,1.800000000000e+00
7.966705716566e-02,0.000000000000e+00
7.976702862163e-02,0.000000000000e+00
7.976703862163e-02,1.800000000000e+00
7.976712862163e-02,1.800000000000e+00
7.976713862163e-02,0.000000000000e+00
7.989886233409e-02,0.000000000000e+00
7.989887233409e-02,1.800000000000e+00
7.989896233409e-02,1.800000000000e+00
7.989897233409e-02,0.000000000000e+00
7.991656029372e-02,0.000000000000e+00
7.991657029372e-02,1.800000000000e+00
7.991666029372e-02,1.800000000000e+00
7.991667029372e-02,0.000000000000e+00
7.993824799051e-02,0.000000000000e+00
7.993825799051e-02,1.800000000000e+00
7.993834799051e-02,1.800000000000e+00
7.993835799051e-02,0.000000000000e+00
7.999079337718e-02,0.000000000000e+00
7.999080337718e-02,1.800000000000e+00
7.999089337718e-02,1.800000000000e+00
7.999090337718e-02,0.000000000000e+00
8.016131448175e-02,0.000000000000e+00
8.016132448175e-02,1.800000000000e+00
8.016141448175e-02,1.800000000000e+00
8.016142448175e-02,0.000000000000e+00
8.024886696334e-02,0.000000000000e+00
8.024887696334e-02,1.800000000000e+00
8.024896696334e-02,1.800000000000e+00
8.024897696334e-02,0.000000000000e+00
8.035466898133e-02,0.000000000000e+00
8.035467898133e-02,1.800000000000e+00
8.035476898133e-02,1.800000000000e+00
8.035477898133e-02,0.000000000000e+00
8.054902350247e-02,0.000000000000e+00
8.054903350247e-02,1.800000000000e+00
8.054912350247e-02,1.800000000000e+00
8.054913350247e-02,0.000000000000e+00
8.055027551802e-02,0.000000000000e+00
8.055028551802e-02,1.800000000000e+00
8.055037551802e-02,1.800000000000e+00
8.055038551802e-02,0.000000000000e+00
8.085804002498e-02,0.000000000000e+00
8.085805002498e-02,1.800000000000e+00
8.085814002498e-02,1.800000000000e+00
8.085815002498e-02,0.000000000000e+00
8.086676596552e-02,0.000000000000e+00
8.086677596552e-02,1.800000000000e+00
8.086686596552e-02,1.800000000000e+00
8.086687596552e-02,0.000000000000e+00
8.089902942089e-02,0.000000000000e+00
8.089903942089e-02,1.800000000000e+00
8.089912942089e-02,1.800000000000e+00
8.089913942089e-02,0.000000000000e+00
8.110757616017e-02,0.000000000000e+00
8.110758616017e-02,1.800000000000e+00
8.110767616017e-02,1.800000000000e+00
8.110768616017e-02,0.000000000000e+00
8.112839197661e-02,0.000000000000e+00
8.112840197661e-02,1.800000000000e+00
8.112849197661e-02,1.800000000000e+00
8.112850197661e-02,0.000000000000e+00
8.120044562937e-02,0.000000000000e+00
8.120045562937e-02,1.800000000000e+00
8.120054562937e-02,1.800000000000e+00
8.120055562937e-02,0.000000000000e+00
8.123406096501e-02,0.000000000000e+00
8.123407096501e-02,1.800000000000e+00
8.123416096501e-02,1.800000000000e+00
8.123417096501e-02,0.000000000000e+00
8.124539824934e-02,0.000000000000e+00
8.124540824934e-02,1.800000000000e+00
8.124549824934e-02,1.800000000000e+00
8.124550824934e-02,0.000000000000e+00
8.130013233531e-02,0.000000000000e+00
8.130014233531e-02,1.800000000000e+00
8.130023233531e-02,1.800000000000e+00
8.130024233531e-02,0.000000000000e+00
8.132482958006e-02,0.000000000000e+00
8.132483958006e-02,1.800000000000e+00
8.132492958006e-02,1.800000000000e+00
8.132493958006e-02,0.000000000000e+00
8.139590219464e-02,0.000000000000e+00
8.139591219464e-02,1.800000000000e+00
8.139600219464e-02,1.800000000000e+00
8.139601219464e-02,0.000000000000e+00
8.144259079685e-02,0.000000000000e+00
8.144260079685e-02,1.800000000000e+00
8.144269079685e-02,1.800000000000e+00
8.144270079685e-02,0.000000000000e+00
8.186830865344e-02,0.000000000000e+00
8.186831865344e-02,1.800000000000e+00
8.186840865344e-02,1.800000000000e+00
8.186841865344e-02,0.000000000000e+00
8.217724511184e-02,0.000000000000e+00
8.217725511184e-02,1.800000000000e+00
8.217734511184e-02,1.800000000000e+00
8.217735511184e-02,0.000000000000e+00
8.235186317374e-02,0.000000000000e+00
8.235187317374e-02,1.800000000000e+00
8.235196317374e-02,1.800000000000e+00
8.235197317374e-02,0.000000000000e+00
8.256558002136e-02,0.000000000000e+00
8.256559002136e-02,1.800000000000e+00
8.256568002136e-02,1.800000000000e+00
8.256569002136e-02,0.000000000000e+00
8.264916437031e-02,0.000000000000e+00
8.264917437031e-02,1.800000000000e+00
8.264926437031e-02,1.800000000000e+00
8.264927437031e-02,0.000000000000e+00
8.268659563093e-02,0.000000000000e+00
8.268660563093e-02,1.800000000000e+00
8.268669563093e-02,1.800000000000e+00
8.268670563093e-02,0.000000000000e+00
8.272231525846e-02,0.000000000000e+00
8.272232525846e-02,1.800000000000e+00
8.272241525846e-02,1.800000000000e+00
8.272242525846e-02,0.000000000000e+00
8.279128754899e-02,0.000000000000e+00
8.279129754899e-02,1.800000000000e+00
8.279138754899e-02,1.800000000000e+00
8.279139754899e-02,0.000000000000e+00
8.298010896026e-02,0.000000000000e+00
8.298011896026e-02,1.800000000000e+00
8.298020896026e-02,1.800000000000e+00
8.298021896026e-02,0.000000000000e+00
8.325136075198e-02,0.000000000000e+00
8.325137075198e-02,1.800000000000e+00
8.325146075198e-02,1.800000000000e+00
8.325147075198e-02,0.000000000000e+00
8.339876680390e-02,0.000000000000e+00
8.339877680390e-02,1.800000000000e+00
8.339886680390e-02,1.800000000000e+00
8.339887680390e-02,0.000000000000e+00
8.353791276595e-02,0.000000000000e+00
8.353792276595e-02,1.800000000000e+00
8.353801276595e-02,1.800000000000e+00
8.353802276595e-02,0.000000000000e+00
8.367560906965e-02,0.000000000000e+00
8.367561906965e-02,1.800000000000e+00
8.367570906965e-02,1.800000000000e+00
8.367571906965e-02,0.000000000000e+00
8.378311586800e-02,0.000000000000e+00
8.378312586800e-02,1.800000000000e+00
8.378321586800e-02,1.800000000000e+00
8.378322586800e-02,0.000000000000e+00
8.395697681344e-02,0.000000000000e+00
8.395698681344e-02,1.800000000000e+00
8.395707681344e-02,1.800000000000e+00
8.395708681344e-02,0.000000000000e+00
8.405537283392e-02,0.000000000000e+00
8.405538283392e-02,1.800000000000e+00
8.405547283392e-02,1.800000000000e+00
8.405548283392e-02,0.000000000000e+00
8.410463058060e-02,0.000000000000e+00
8.410464058060e-02,1.800000000000e+00
8.410473058060e-02,1.800000000000e+00
8.410474058060e-02,0.000000000000e+00
8.411685677482e-02,0.000000000000e+00
8.411686677482e-02,1.800000000000e+00
8.411695677482e-02,1.800000000000e+00
8.411696677482e-02,0.000000000000e+00
8.412910068739e-02,0.000000000000e+00
8.412911068739e-02,1.800000000000e+00
8.412920068739e-02,1.800000000000e+00
8.412921068739e-02,0.000000000000e+00
8.413290062262e-02,0.000000000000e+00
8.413291062262e-02,1.800000000000e+00
8.413300062262e-02,1.800000000000e+00
8.413301062262e-02,0.000000000000e+00
8.418298040578e-02,0.000000000000e+00
8.418299040578e-02,1.800000000000e+00
8.418308040578e-02,1.800000000000e+00
8.418309040578e-02,0.000000000000e+00
8.419831715752e-02,0.000000000000e+00
8.419832715752e-02,1.800000000000e+00
8.419841715752e-02,1.800000000000e+00
8.419842715752e-02,0.000000000000e+00
8.420012955785e-02,0.000000000000e+00
8.420013955785e-02,1.800000000000e+00
8.420022955785e-02,1.800000000000e+00
8.420023955785e-02,0.000000000000e+00
8.425367411886e-02,0.000000000000e+00
8.425368411886e-02,1.800000000000e+00
8.425377411886e-02,1.800000000000e+00
8.425378411886e-02,0.000000000000e+00
8.427301071033e-02,0.000000000000e+00
8.427302071033e-02,1.800000000000e+00
8.427311071033e-02,1.800000000000e+00
8.427312071033e-02,0.000000000000e+00
8.454979935662e-02,0.000000000000e+00
8.454980935662e-02,1.800000000000e+00
8.454989935662e-02,1.800000000000e+00
8.454990935662e-02,0.000000000000e+00
8.466745022058e-02,0.000000000000e+00
8.466746022058e-02,1.800000000000e+00
8.466755022058e-02,1.800000000000e+00
8.466756022058e-02,0.000000000000e+00
8.476361469197e-02,0.000000000000e+00
8.476362469197e-02,1.800000000000e+00
8.476371469197e-02,1.800000000000e+00
8.476372469197e-02,0.000000000000e+00
8.480940206753e-02,0.000000000000e+00
8.480941206753e-02,1.800000000000e+00
8.480950206753e-02,1.800000000000e+00
8.480951206753e-02,0.000000000000e+00
8.481927286129e-02,0.000000000000e+00
8.481928286129e-02,1.800000000000e+00
8.481937286129e-02,1.800000000000e+00
8.481938286129e-02,0.000000000000e+00
8.503620932392e-02,0.000000000000e+00
8.503621932392e-02,1.800000000000e+00
8.503630932392e-02,1.800000000000e+00
8.503631932392e-02,0.000000000000e+00
8.506351683525e-02,0.000000000000e+00
8.506352683525e-02,1.800000000000e+00
8.506361683525e-02,1.800000000000e+00
8.506362683525e-02,0.000000000000e+00
8.519929636387e-02,0.000000000000e+00
8.519930636387e-02,1.800000000000e+00
8.519939636387e-02,1.800000000000e+00
8.519940636387e-02,0.000000000000e+00
8.525690865019e-02,0.000000000000e+00
8.525691865019e-02,1.800000000000e+00
8.525700865019e-02,1.800000000000e+00
8.525701865019e-02,0.000000000000e+00
8.528167050059e-02,0.000000000000e+00
8.528168050059e-02,1.800000000000e+00
8.528177050059e-02,1.800000000000e+00
8.528178050059e-02,0.000000000000e+00
8.531426160650e-02,0.000000000000e+00
8.531427160650e-02,1.800000000000e+00
8.531436160650e-02,1.800000000000e+00
8.531437160650e-02,0.000000000000e+00
8.551174595453e-02,0.000000000000e+00
8.551175595453e-02,1.800000000000e+00
8.551184595453e-02,1.800000000000e+00
8.551185595453e-02,0.000000000000e+00
8.553182275957e-02,0.000000000000e+00
8.553183275957e-02,1.800000000000e+00
8.553192275957e-02,1.800000000000e+00
8.553193275957e-02,0.000000000000e+00
8.555774451042e-02,0.000000000000e+00
8.555775451042e-02,1.800000000000e+00
8.555784451042e-02,1.800000000000e+00
8.555785451042e-02,0.000000000000e+00
8.580343743282e-02,0.000000000000e+00
8.580344743282e-02,1.800000000000e+00
8.580353743282e-02,1.800000000000e+00
8.580354743282e-02,0.000000000000e+00
8.581291143049e-02,0.000000000000e+00
8.581292143049e-02,1.800000000000e+00
8.581301143049e-02,1.800000000000e+00
8.581302143049e-02,0.000000000000e+00
8.595199221028e-02,0.000000000000e+00
8.595200221028e-02,1.800000000000e+00
8.595209221028e-02,1.800000000000e+00
8.595210221028e-02,0.000000000000e+00
8.610390421353e-02,0.000000000000e+00
8.610391421353e-02,1.800000000000e+00
8.610400421353e-02,1.800000000000e+00
8.610401421353e-02,0.000000000000e+00
8.615576666886e-02,0.000000000000e+00
8.615577666886e-02,1.800000000000e+00
8.615586666886e-02,1.800000000000e+00
8.615587666886e-02,0.000000000000e+00
8.616110715665e-02,0.000000000000e+00
8.616111715665e-02,1.800000000000e+00
8.616120715665e-02,1.800000000000e+00
8.616121715665e-02,0.000000000000e+00
8.627153657202e-02,0.000000000000e+00
8.627154657202e-02,1.800000000000e+00
8.627163657202e-02,1.800000000000e+00
8.627164657202e-02,0.000000000000e+00
8.650133915441e-02,0.000000000000e+00
8.650134915441e-02,1.800000000000e+00
8.650143915441e-02,1.800000000000e+00
8.650144915441e-02,0.000000000000e+00
8.678272664185e-02,0.000000000000e+00
8.678273664185e-02,1.800000000000e+00
8.678282664185e-02,1.800000000000e+00
8.678283664185e-02,0.000000000000e+00
8.689462200918e-02,0.000000000000e+00
8.689463200918e-02,1.800000000000e+00
8.689472200918e-02,1.800000000000e+00
8.689473200918e-02,0.000000000000e+00
8.692953603697e-02,0.000000000000e+00
8.692954603697e-02,1.800000000000e+00
8.692963603697e-02,1.800000000000e+00
8.692964603697e-02,0.000000000000e+00
8.693798658669e-02,0.000000000000e+00
8.693799658669e-02,1.800000000000e+00
8.693808658669e-02,1.800000000000e+00
8.693809658669e-02,0.000000000000e+00
8.700425488207e-02,0.000000000000e+00
8.700426488207e-02,1.800000000000e+00
8.700435488207e-02,1.800000000000e+00
8.700436488207e-02,0.000000000000e+00
8.722564205790e-02,0.000000000000e+00
8.722565205790e-02,1.800000000000e+00
8.722574205790e-02,1.800000000000e+00
8.722575205790e-02,0.000000000000e+00
8.726796526157e-02,0.000000000000e+00
8.726797526157e-02,1.800000000000e+00
8.726806526157e-02,1.800000000000e+00
8.726807526157e-02,0.000000000000e+00
8.745504520354e-02,0.000000000000e+00
8.745505520354e-02,1.800000000000e+00
8.745514520354e-02,1.800000000000e+00
8.745515520354e-02,0.000000000000e+00
8.748006164266e-02,0.000000000000e+00
8.748007164266e-02,1.800000000000e+00
8.748016164266e-02,1.800000000000e+00
8.748017164266e-02,0.000000000000e+00
8.774272440580e-02,0.000000000000e+00
8.774273440580e-02,1.800000000000e+00
8.774282440580e-02,1.800000000000e+00
8.774283440580e-02,0.000000000000e+00
8.807931685866e-02,0.000000000000e+00
8.807932685866e-02,1.800000000000e+00
8.807941685866e-02,1.800000000000e+00
8.807942685866e-02,0.000000000000e+00
8.810406842158e-02,0.000000000000e+00
8.810407842158e-02,1.800000000000e+00
8.810416842158e-02,1.800000000000e+00
8.810417842158e-02,0.000000000000e+00
8.821438385696e-02,0.000000000000e+00
8.821439385696e-02,1.800000000000e+00
8.821448385696e-02,1.800000000000e+00
8.821449385696e-02,0.000000000000e+00
8.831846306917e-02,0.000000000000e+00
8.831847306917e-02,1.800000000000e+00
8.831856306917e-02,1.800000000000e+00
8.831857306917e-02,0.000000000000e+00
8.833688266743e-02,0.000000000000e+00
8.833689266743e-02,1.800000000000e+00
8.833698266743e-02,1.800000000000e+00
8.833699266743e-02,0.000000000000e+00
8.834217595934e-02,0.000000000000e+00
8.834218595934e-02,1.800000000000e+00
8.834227595934e-02,1.800000000000e+00
8.834228595934e-02,0.000000000000e+00
8.839025498392e-02,0.000000000000e+00
8.839026498392e-02,1.800000000000e+00
8.839035498392e-02,1.800000000000e+00
8.839036498392e-02,0.000000000000e+00
8.846447885308e-02,0.000000000000e+00
8.846448885308e-02,1.800000000000e+00
8.846457885308e-02,1.800000000000e+00
8.846458885308e-02,0.000000000000e+00
8.857464822249e-02,0.000000000000e+00
8.857465822249e-02,1.800000000000e+00
8.857474822249e-02,1.800000000000e+00
8.857475822249e-02,0.000000000000e+00
8.865073676961e-02,0.000000000000e+00
8.865074676961e-02,1.800000000000e+00
8.865083676961e-02,1.800000000000e+00
8.865084676961e-02,0.000000000000e+00
8.877554785228e-02,0.000000000000e+00
8.877555785228e-02,1.800000000000e+00
8.877564785228e-02,1.800000000000e+00
8.877565785228e-02,0.000000000000e+00
8.895194722361e-02,0.000000000000e+00
8.895195722361e-02,1.800000000000e+00
8.895204722361e-02,1.800000000000e+00
8.895205722361e-02,0.000000000000e+00
8.904337121839e-02,0.000000000000e+00
8.904338121839e-02,1.800000000000e+00
8.904347121839e-02,1.800000000000e+00
8.904348121839e-02,0.000000000000e+00
8.904471892363e-02,0.000000000000e+00
8.904472892363e-02,1.800000000000e+00
8.904481892363e-02,1.800000000000e+00
8.904482892363e-02,0.000000000000e+00
8.906968324335e-02,0.000000000000e+00
8.906969324335e-02,1.800000000000e+00
8.906978324335e-02,1.800000000000e+00
8.906979324335e-02,0.000000000000e+00
8.910072673759e-02,0.000000000000e+00
8.910073673759e-02,1.800000000000e+00
8.910082673759e-02,1.800000000000e+00
8.910083673759e-02,0.000000000000e+00
8.910285996432e-02,0.000000000000e+00
8.910286996432e-02,1.800000000000e+00
8.910295996432e-02,1.800000000000e+00
8.910296996432e-02,0.000000000000e+00
8.920496010823e-02,0.000000000000e+00
8.920497010823e-02,1.800000000000e+00
8.920506010823e-02,1.800000000000e+00
8.920507010823e-02,0.000000000000e+00
8.928773063335e-02,0.000000000000e+00
8.928774063335e-02,1.800000000000e+00
8.928783063335e-02,1.800000000000e+00
8.928784063335e-02,0.000000000000e+00
8.930989479828e-02,0.000000000000e+00
8.930990479828e-02,1.800000000000e+00
8.930999479828e-02,1.800000000000e+00
8.931000479828e-02,0.000000000000e+00
8.948391447994e-02,0.000000000000e+00
8.948392447994e-02,1.800000000000e+00
8.948401447994e-02,1.800000000000e+00
8.948402447994e-02,0.000000000000e+00
8.950556254337e-02,0.000000000000e+00
8.950557254337e-02,1.800000000000e+00
8.950566254337e-02,1.800000000000e+00
8.950567254337e-02,0.000000000000e+00
8.955410891490e-02,0.000000000000e+00
8.955411891490e-02,1.800000000000e+00
8.955420891490e-02,1.800000000000e+00
8.955421891490e-02,0.000000000000e+00
8.955886579172e-02,0.000000000000e+00
8.955887579172e-02,1.800000000000e+00
8.955896579172e-02,1.800000000000e+00
8.955897579172e-02,0.000000000000e+00
8.957779259022e-02,0.000000000000e+00
8.957780259022e-02,1.800000000000e+00
8.957789259022e-02,1.800000000000e+00
8.957790259022e-02,0.000000000000e+00
8.960952846889e-02,0.000000000000e+00
8.960953846889e-02,1.800000000000e+00
8.960962846889e-02,1.800000000000e+00
8.960963846889e-02,0.000000000000e+00
8.961104498567e-02,0.000000000000e+00
8.961105498567e-02,1.800000000000e+00
8.961114498567e-02,1.800000000000e+00
8.961115498567e-02,0.000000000000e+00
8.975677134579e-02,0.000000000000e+00
8.975678134579e-02,1.800000000000e+00
8.975687134579e-02,1.800000000000e+00
8.975688134579e-02,0.000000000000e+00
8.978655949287e-02,0.000000000000e+00
8.978656949287e-02,1.800000000000e+00
8.978665949287e-02,1.800000000000e+00
8.978666949287e-02,0.000000000000e+00
8.982921746194e-02,0.000000000000e+00
8.982922746194e-02,1.800000000000e+00
8.982931746194e-02,1.800000000000e+00
8.982932746194e-02,0.000000000000e+00
8.984137793239e-02,0.000000000000e+00
8.984138793239e-02,1.800000000000e+00
8.984147793239e-02,1.800000000000e+00
8.984148793239e-02,0.000000000000e+00
8.990189096737e-02,0.000000000000e+00
8.990190096737e-02,1.800000000000e+00
8.990199096737e-02,1.800000000000e+00
8.990200096737e-02,0.000000000000e+00
9.017572789206e-02,0.000000000000e+00
9.017573789206e-02,1.800000000000e+00
9.017582789206e-02,1.800000000000e+00
9.017583789206e-02,0.000000000000e+00
9.021508845117e-02,0.000000000000e+00
9.021509845117e-02,1.800000000000e+00
9.021518845117e-02,1.800000000000e+00
9.021519845117e-02,0.000000000000e+00
9.029167970834e-02,0.000000000000e+00
9.029168970834e-02,1.800000000000e+00
9.029177970834e-02,1.800000000000e+00
9.029178970834e-02,0.000000000000e+00
9.043057697286e-02,0.000000000000e+00
9.043058697286e-02,1.800000000000e+00
9.043067697286e-02,1.800000000000e+00
9.043068697286e-02,0.000000000000e+00
9.047329549213e-02,0.000000000000e+00
9.047330549213e-02,1.800000000000e+00
9.047339549213e-02,1.800000000000e+00
9.047340549213e-02,0.000000000000e+00
9.053345467888e-02,0.000000000000e+00
9.053346467888e-02,1.800000000000e+00
9.053355467888e-02,1.800000000000e+00
9.053356467888e-02,0.000000000000e+00
9.076833024499e-02,0.000000000000e+00
9.076834024499e-02,1.800000000000e+00
9.076843024499e-02,1.800000000000e+00
9.076844024499e-02,0.000000000000e+00
9.079773987233e-02,0.000000000000e+00
9.079774987233e-02,1.800000000000e+00
9.079783987233e-02,1.800000000000e+00
9.079784987233e-02,0.000000000000e+00
9.081447364578e-02,0.000000000000e+00
9.081448364578e-02,1.800000000000e+00
9.081457364578e-02,1.800000000000e+00
9.081458364578e-02,0.000000000000e+00
9.098639806588e-02,0.000000000000e+00
9.098640806588e-02,1.800000000000e+00
9.098649806588e-02,1.800000000000e+00
9.098650806588e-02,0.000000000000e+00
9.100606486441e-02,0.000000000000e+00
9.100607486441e-02,1.800000000000e+00
9.100616486441e-02,1.800000000000e+00
9.100617486441e-02,0.000000000000e+00
9.101303124586e-02,0.000000000000e+00
9.101304124586e-02,1.800000000000e+00
9.101313124586e-02,1.800000000000e+00
9.101314124586e-02,0.000000000000e+00
9.109739819529e-02,0.000000000000e+00
9.109740819529e-02,1.800000000000e+00
9.109749819529e-02,1.800000000000e+00
9.109750819529e-02,0.000000000000e+00
9.113075134378e-02,0.000000000000e+00
9.113076134378e-02,1.800000000000e+00
9.113085134378e-02,1.800000000000e+00
9.113086134378e-02,0.000000000000e+00
9.124358144766e-02,0.000000000000e+00
9.124359144766e-02,1.800000000000e+00
9.124368144766e-02,1.800000000000e+00
9.124369144766e-02,0.000000000000e+00
9.125653212237e-02,0.000000000000e+00
9.125654212237e-02,1.800000000000e+00
9.125663212237e-02,1.800000000000e+00
9.125664212237e-02,0.000000000000e+00
9.132681931357e-02,0.000000000000e+00
9.132682931357e-02,1.800000000000e+00
9.132691931357e-02,1.800000000000e+00
9.132692931357e-02,0.000000000000e+00
9.137931990223e-02,0.000000000000e+00
9.137932990223e-02,1.800000000000e+00
9.137941990223e-02,1.800000000000e+00
9.137942990223e-02,0.000000000000e+00
9.138814110842e-02,0.000000000000e+00
9.138815110842e-02,1.800000000000e+00
9.138824110842e-02,1.800000000000e+00
9.138825110842e-02,0.000000000000e+00
9.167694837020e-02,0.000000000000e+00
9.167695837020e-02,1.800000000000e+00
9.167704837020e-02,1.800000000000e+00
9.167705837020e-02,0.000000000000e+00
9.168052928053e-02,0.000000000000e+00
9.168053928053e-02,1.800000000000e+00
9.168062928053e-02,1.800000000000e+00
9.168063928053e-02,0.000000000000e+00
9.173824696681e-02,0.000000000000e+00
9.173825696681e-02,1.800000000000e+00
9.173834696681e-02,1.800000000000e+00
9.173835696681e-02,0.000000000000e+00
9.189703504853e-02,0.000000000000e+00
9.189704504853e-02,1.800000000000e+00
9.189713504853e-02,1.800000000000e+00
9.189714504853e-02,0.000000000000e+00
9.236997094761e-02,0.000000000000e+00
9.236998094761e-02,1.800000000000e+00
9.237007094761e-02,1.800000000000e+00
9.237008094761e-02,0.000000000000e+00
9.250731055507e-02,0.000000000000e+00
9.250732055507e-02,1.800000000000e+00
9.250741055507e-02,1.800000000000e+00
9.250742055507e-02,0.000000000000e+00
9.258264386332e-02,0.000000000000e+00
9.258265386332e-02,1.800000000000e+00
9.258274386332e-02,1.800000000000e+00
9.258275386332e-02,0.000000000000e+00
9.261439053770e-02,0.000000000000e+00
9.261440053770e-02,1.800000000000e+00
9.261449053770e-02,1.800000000000e+00
9.261450053770e-02,0.000000000000e+00
9.261807847530e-02,0.000000000000e+00
9.261808847530e-02,1.800000000000e+00
9.261817847530e-02,1.800000000000e+00
9.261818847530e-02,0.000000000000e+00
9.267008758116e-02,0.000000000000e+00
9.267009758116e-02,1.800000000000e+00
9.267018758116e-02,1.800000000000e+00
9.267019758116e-02,0.000000000000e+00
9.272342857009e-02,0.000000000000e+00
9.272343857009e-02,1.800000000000e+00
9.272352857009e-02,1.800000000000e+00
9.272353857009e-02,0.000000000000e+00
9.273574425495e-02,0.000000000000e+00
9.273575425495e-02,1.800000000000e+00
9.273584425495e-02,1.800000000000e+00
9.273585425495e-02,0.000000000000e+00
9.303049995879e-02,0.000000000000e+00
9.303050995879e-02,1.800000000000e+00
9.303059995879e-02,1.800000000000e+00
9.303060995879e-02,0.000000000000e+00
9.304136849421e-02,0.000000000000e+00
9.304137849421e-02,1.800000000000e+00
9.304146849421e-02,1.800000000000e+00
9.304147849421e-02,0.000000000000e+00
9.309023756703e-02,0.000000000000e+00
9.309024756703e-02,1.800000000000e+00
9.309033756703e-02,1.800000000000e+00
9.309034756703e-02,0.000000000000e+00
9.322956031550e-02,0.000000000000e+00
9.322957031550e-02,1.800000000000e+00
9.322966031550e-02,1.800000000000e+00
9.322967031550e-02,0.000000000000e+00
9.331505464595e-02,0.000000000000e+00
9.331506464595e-02,1.800000000000e+00
9.331515464595e-02,1.800000000000e+00
9.331516464595e-02,0.000000000000e+00
9.340293322562e-02,0.000000000000e+00
9.340294322562e-02,1.800000000000e+00
9.340303322562e-02,1.800000000000e+00
9.340304322562e-02,0.000000000000e+00
9.341111963965e-02,0.000000000000e+00
9.341112963965e-02,1.800000000000e+00
9.341121963965e-02,1.800000000000e+00
9.341122963965e-02,0.000000000000e+00
9.342918168103e-02,0.000000000000e+00
9.342919168103e-02,1.800000000000e+00
9.342928168103e-02,1.800000000000e+00
9.342929168103e-02,0.000000000000e+00
9.351060093235e-02,0.000000000000e+00
9.351061093235e-02,1.800000000000e+00
9.351070093235e-02,1.800000000000e+00
9.351071093235e-02,0.000000000000e+00
9.354248562829e-02,0.000000000000e+00
9.354249562829e-02,1.800000000000e+00
9.354258562829e-02,1.800000000000e+00
9.354259562829e-02,0.000000000000e+00
9.370163183367e-02,0.000000000000e+00
9.370164183367e-02,1.800000000000e+00
9.370173183367e-02,1.800000000000e+00
9.370174183367e-02,0.000000000000e+00
9.370993921157e-02,0.000000000000e+00
9.370994921157e-02,1.800000000000e+00
9.371003921157e-02,1.800000000000e+00
9.371004921157e-02,0.000000000000e+00
9.381476174570e-02,0.000000000000e+00
9.381477174570e-02,1.800000000000e+00
9.381486174570e-02,1.800000000000e+00
9.381487174570e-02,0.000000000000e+00
9.382101265479e-02,0.000000000000e+00
9.382102265479e-02,1.800000000000e+00
9.382111265479e-02,1.800000000000e+00
9.382112265479e-02,0.000000000000e+00
9.387217165841e-02,0.000000000000e+00
9.387218165841e-02,1.800000000000e+00
9.387227165841e-02,1.800000000000e+00
9.387228165841e-02,0.000000000000e+00
9.398481885821e-02,0.000000000000e+00
9.398482885821e-02,1.800000000000e+00
9.398491885821e-02,1.800000000000e+00
9.398492885821e-02,0.000000000000e+00
9.423293760750e-02,0.000000000000e+00
9.423294760750e-02,1.800000000000e+00
9.423303760750e-02,1.800000000000e+00
9.423304760750e-02,0.000000000000e+00
9.428693236500e-02,0.000000000000e+00
9.428694236500e-02,1.800000000000e+00
9.428703236500e-02,1.800000000000e+00
9.428704236500e-02,0.000000000000e+00
9.433272969328e-02,0.000000000000e+00
9.433273969328e-02,1.800000000000e+00
9.433282969328e-02,1.800000000000e+00
9.433283969328e-02,0.000000000000e+00
9.436490907535e-02,0.000000000000e+00
9.436491907535e-02,1.800000000000e+00
9.436500907535e-02,1.800000000000e+00
9.436501907535e-02,0.000000000000e+00
9.465140377995e-02,0.000000000000e+00
9.465141377995e-02,1.800000000000e+00
9.465150377995e-02,1.800000000000e+00
9.465151377995e-02,0.000000000000e+00
9.489015291450e-02,0.000000000000e+00
9.489016291450e-02,1.800000000000e+00
9.489025291450e-02,1.800000000000e+00
9.489026291450e-02,0.000000000000e+00
9.493453728423e-02,0.000000000000e+00
9.493454728423e-02,1.800000000000e+00
9.493463728423e-02,1.800000000000e+00
9.493464728423e-02,0.000000000000e+00
9.497284407701e-02,0.000000000000e+00
9.497285407701e-02,1.800000000000e+00
9.497294407701e-02,1.800000000000e+00
9.497295407701e-02,0.000000000000e+00
9.506341331226e-02,0.000000000000e+00
9.506342331226e-02,1.800000000000e+00
9.506351331226e-02,1.800000000000e+00
9.506352331226e-02,0.000000000000e+00
9.539398744483e-02,0.000000000000e+00
9.539399744483e-02,1.800000000000e+00
9.539408744483e-02,1.800000000000e+00
9.539409744483e-02,0.000000000000e+00
9.552948616802e-02,0.000000000000e+00
9.552949616802e-02,1.800000000000e+00
9.552958616802e-02,1.800000000000e+00
9.552959616802e-02,0.000000000000e+00
9.562163136442e-02,0.000000000000e+00
9.562164136442e-02,1.800000000000e+00
9.562173136442e-02,1.800000000000e+00
9.562174136442e-02,0.000000000000e+00
9.568855628527e-02,0.000000000000e+00
9.568856628527e-02,1.800000000000e+00
9.568865628527e-02,1.800000000000e+00
9.568866628527e-02,0.000000000000e+00
9.605537728392e-02,0.000000000000e+00
9.605538728392e-02,1.800000000000e+00
9.605547728392e-02,1.800000000000e+00
9.605548728392e-02,0.000000000000e+00
9.613742673153e-02,0.000000000000e+00
9.613743673153e-02,1.800000000000e+00
9.613752673153e-02,1.800000000000e+00
9.613753673153e-02,0.000000000000e+00
9.615676087209e-02,0.000000000000e+00
9.615677087209e-02,1.800000000000e+00
9.615686087209e-02,1.800000000000e+00
9.615687087209e-02,0.000000000000e+00
9.617452159243e-02,0.000000000000e+00
9.617453159243e-02,1.800000000000e+00
9.617462159243e-02,1.800000000000e+00
9.617463159243e-02,0.000000000000e+00
9.620212156272e-02,0.000000000000e+00
9.620213156272e-02,1.800000000000e+00
9.620222156272e-02,1.800000000000e+00
9.620223156272e-02,0.000000000000e+00
9.629094312126e-02,0.000000000000e+00
9.629095312126e-02,1.800000000000e+00
9.629104312126e-02,1.800000000000e+00
9.629105312126e-02,0.000000000000e+00
9.631640756095e-02,0.000000000000e+00
9.631641756095e-02,1.800000000000e+00
9.631650756095e-02,1.800000000000e+00
9.631651756095e-02,0.000000000000e+00
9.642514575628e-02,0.000000000000e+00
9.642515575628e-02,1.800000000000e+00
9.642524575628e-02,1.800000000000e+00
9.642525575628e-02,0.000000000000e+00
9.642987994829e-02,0.000000000000e+00
9.642988994829e-02,1.800000000000e+00
9.642997994829e-02,1.800000000000e+00
9.642998994829e-02,0.000000000000e+00
9.645531170157e-02,0.000000000000e+00
9.645532170157e-02,1.800000000000e+00
9.645541170157e-02,1.800000000000e+00
9.645542170157e-02,0.000000000000e+00
9.649224445483e-02,0.000000000000e+00
9.649225445483e-02,1.800000000000e+00
9.649234445483e-02,1.800000000000e+00
9.649235445483e-02,0.000000000000e+00
9.649489289488e-02,0.000000000000e+00
9.649490289488e-02,1.800000000000e+00
9.649499289488e-02,1.800000000000e+00
9.649500289488e-02,0.000000000000e+00
9.653902989207e-02,0.000000000000e+00
9.653903989207e-02,1.800000000000e+00
9.653912989207e-02,1.800000000000e+00
9.653913989207e-02,0.000000000000e+00
9.654164391409e-02,0.000000000000e+00
9.654165391409e-02,1.800000000000e+00
9.654174391409e-02,1.800000000000e+00
9.654175391409e-02,0.000000000000e+00
9.654502976715e-02,0.000000000000e+00
9.654503976715e-02,1.800000000000e+00
9.654512976715e-02,1.800000000000e+00
9.654513976715e-02,0.000000000000e+00
9.671718634436e-02,0.000000000000e+00
9.671719634436e-02,1.800000000000e+00
9.671728634436e-02,1.800000000000e+00
9.671729634436e-02,0.000000000000e+00
9.679594883386e-02,0.000000000000e+00
9.679595883386e-02,1.800000000000e+00
9.679604883386e-02,1.800000000000e+00
9.679605883386e-02,0.000000000000e+00
9.681557220183e-02,0.000000000000e+00
9.681558220183e-02,1.800000000000e+00
9.681567220183e-02,1.800000000000e+00
9.681568220183e-02,0.000000000000e+00
9.697008017989e-02,0.000000000000e+00
9.697009017989e-02,1.800000000000e+00
9.697018017989e-02,1.800000000000e+00
9.697019017989e-02,0.000000000000e+00
9.702360938042e-02,0.000000000000e+00
9.702361938042e-02,1.800000000000e+00
9.702370938042e-02,1.800000000000e+00
9.702371938042e-02,0.000000000000e+00
9.702444776762e-02,0.000000000000e+00
9.702445776762e-02,1.800000000000e+00
9.702454776762e-02,1.800000000000e+00
9.702455776762e-02,0.000000000000e+00
9.702953625461e-02,0.000000000000e+00
9.702954625461e-02,1.800000000000e+00
9.702963625461e-02,1.800000000000e+00
9.702964625461e-02,0.000000000000e+00
9.716425839031e-02,0.000000000000e+00
9.716426839031e-02,1.800000000000e+00
9.716435839031e-02,1.800000000000e+00
9.716436839031e-02,0.000000000000e+00
9.721571604001e-02,0.000000000000e+00
9.721572604001e-02,1.800000000000e+00
9.721581604001e-02,1.800000000000e+00
9.721582604001e-02,0.000000000000e+00
9.723005241301e-02,0.000000000000e+00
9.723006241301e-02,1.800000000000e+00
9.723015241301e-02,1.800000000000e+00
9.723016241301e-02,0.000000000000e+00
9.732851746176e-02,0.000000000000e+00
9.732852746176e-02,1.800000000000e+00
9.732861746176e-02,1.800000000000e+00
9.732862746176e-02,0.000000000000e+00
9.737969607742e-02,0.000000000000e+00
9.737970607742e-02,1.800000000000e+00
9.737979607742e-02,1.800000000000e+00
9.737980607742e-02,0.000000000000e+00
9.741005358433e-02,0.000000000000e+00
9.741006358433e-02,1.800000000000e+00
9.741015358433e-02,1.800000000000e+00
9.741016358433e-02,0.000000000000e+00
9.743294166230e-02,0.000000000000e+00
9.743295166230e-02,1.800000000000e+00
9.743304166230e-02,1.800000000000e+00
9.743305166230e-02,0.000000000000e+00
9.748819492756e-02,0.000000000000e+00
9.748820492756e-02,1.800000000000e+00
9.748829492756e-02,1.800000000000e+00
9.748830492756e-02,0.000000000000e+00
9.764054108545e-02,0.000000000000e+00
9.764055108545e-02,1.800000000000e+00
9.764064108545e-02,1.800000000000e+00
9.764065108545e-02,0.000000000000e+00
9.768929459650e-02,0.000000000000e+00
9.768930459650e-02,1.800000000000e+00
9.768939459650e-02,1.800000000000e+00
9.768940459650e-02,0.000000000000e+00
9.778677420241e-02,0.000000000000e+00
9.778678420241e-02,1.800000000000e+00
9.778687420241e-02,1.800000000000e+00
9.778688420241e-02,0.000000000000e+00
9.798324550151e-02,0.000000000000e+00
9.798325550151e-02,1.800000000000e+00
9.798334550151e-02,1.800000000000e+00
9.798335550151e-02,0.000000000000e+00
9.806138976410e-02,0.000000000000e+00
9.806139976410e-02,1.800000000000e+00
9.806148976410e-02,1.800000000000e+00
9.806149976410e-02,0.000000000000e+00
9.809252564125e-02,0.000000000000e+00
9.809253564125e-02,1.800000000000e+00
9.809262564125e-02,1.800000000000e+00
9.809263564125e-02,0.000000000000e+00
9.810542753911e-02,0.000000000000e+00
9.810543753911e-02,1.800000000000e+00
9.810552753911e-02,1.800000000000e+00
9.810553753911e-02,0.000000000000e+00
9.813894385274e-02,0.000000000000e+00
9.813895385274e-02,1.800000000000e+00
9.813904385274e-02,1.800000000000e+00
9.813905385274e-02,0.000000000000e+00
9.817884846949e-02,0.000000000000e+00
9.817885846949e-02,1.800000000000e+00
9.817894846949e-02,1.800000000000e+00
9.817895846949e-02,0.000000000000e+00
9.822168828567e-02,0.000000000000e+00
9.822169828567e-02,1.800000000000e+00
9.822178828567e-02,1.800000000000e+00
9.822179828567e-02,0.000000000000e+00
9.842843459587e-02,0.000000000000e+00
9.842844459587e-02,1.800000000000e+00
9.842853459587e-02,1.800000000000e+00
9.842854459587e-02,0.000000000000e+00
9.847635690010e-02,0.000000000000e+00
9.847636690010e-02,1.800000000000e+00
9.847645690010e-02,1.800000000000e+00
9.847646690010e-02,0.000000000000e+00
9.848844157834e-02,0.000000000000e+00
9.848845157834e-02,1.800000000000e+00
9.848854157834e-02,1.800000000000e+00
9.848855157834e-02,0.000000000000e+00
9.870920960658e-02,0.000000000000e+00
9.870921960658e-02,1.800000000000e+00
9.870930960658e-02,1.800000000000e+00
9.870931960658e-02,0.000000000000e+00
9.880275533413e-02,0.000000000000e+00
9.880276533413e-02,1.800000000000e+00
9.880285533413e-02,1.800000000000e+00
9.880286533413e-02,0.000000000000e+00
9.904132367022e-02,0.000000000000e+00
9.904133367022e-02,1.800000000000e+00
9.904142367022e-02,1.800000000000e+00
9.904143367022e-02,0.000000000000e+00
9.923666248473e-02,0.000000000000e+00
9.923667248473e-02,1.800000000000e+00
9.923676248473e-02,1.800000000000e+00
9.923677248473e-02,0.000000000000e+00
9.929124816536e-02,0.000000000000e+00
9.929125816536e-02,1.800000000000e+00
9.929134816536e-02,1.800000000000e+00
9.929135816536e-02,0.000000000000e+00
9.934501608348e-02,0.000000000000e+00
9.934502608348e-02,1.800000000000e+00
9.934511608348e-02,1.800000000000e+00
9.934512608348e-02,0.000000000000e+00
9.935716200822e-02,0.000000000000e+00
9.935717200822e-02,1.800000000000e+00
9.935726200822e-02,1.800000000000e+00
9.935727200822e-02,0.000000000000e+00
9.939844213482e-02,0.000000000000e+00
9.939845213482e-02,1.800000000000e+00
9.939854213482e-02,1.800000000000e+00
9.939855213482e-02,0.000000000000e+00
9.953673537304e-02,0.000000000000e+00
9.953674537304e-02,1.800000000000e+00
9.953683537304e-02,1.800000000000e+00
9.953684537304e-02,0.000000000000e+00
9.968986219157e-02,0.000000000000e+00
9.968987219157e-02,1.800000000000e+00
9.968996219157e-02,1.800000000000e+00
9.968997219157e-02,0.000000000000e+00
9.977251002189e-02,0.000000000000e+00
9.977252002189e-02,1.800000000000e+00
9.977261002189e-02,1.800000000000e+00
9.977262002189e-02,0.000000000000e+00
9.990169284672e-02,0.000000000000e+00
9.990170284672e-02,1.800000000000e+00
9.990179284672e-02,1.800000000000e+00
9.990180284672e-02,0.000000000000e+00
9.995703360173e-02,0.000000000000e+00
9.995704360173e-02,1.800000000000e+00
9.995713360173e-02,1.800000000000e+00
9.995714360173e-02,0.000000000000e+00
1.000000000000e-01,0.000000000000e+00
